3.804949936483086e-01 0.000000000000000e+00
6.287143640391071e-01 0.000000000000000e+00
7.834681752053407e-01 0.000000000000000e+00
8.719790733561844e-01 0.000000000000000e+00
9.136403641646318e-01 0.000000000000000e+00
9.223839148909007e-01 0.000000000000000e+00
9.082848144936478e-01 0.000000000000000e+00
8.786642596895805e-01 0.000000000000000e+00
8.388573005649960e-01 0.000000000000000e+00
7.927537267038731e-01 0.000000000000000e+00
7.431834586483012e-01 0.000000000000000e+00
6.921940800520627e-01 0.000000000000000e+00
6.412526890799582e-01 0.000000000000000e+00
5.913940567450701e-01 0.000000000000000e+00
5.433302839015777e-01 0.000000000000000e+00
4.975325669696878e-01 0.000000000000000e+00
4.542925610483486e-01 0.000000000000000e+00
4.137686806474293e-01 0.000000000000000e+00
3.760211846846572e-01 0.000000000000000e+00
3.410388437836287e-01 0.000000000000000e+00
3.087592445213010e-01 0.000000000000000e+00
2.790842531788212e-01 0.000000000000000e+00
2.518917770603101e-01 0.000000000000000e+00
2.270446810033205e-01 0.000000000000000e+00
2.043975102706836e-01 0.000000000000000e+00
1.838015176932459e-01 0.000000000000000e+00
1.651083780749791e-01 0.000000000000000e+00
1.481728861158348e-01 0.000000000000000e+00
1.328548680663225e-01 0.000000000000000e+00
1.190204866894258e-01 0.000000000000000e+00
1.065430800183645e-01 0.000000000000000e+00
9.530364404592062e-02 0.000000000000000e+00
8.519104578483523e-02 0.000000000000000e+00
7.610203455364052e-02 0.000000000000000e+00
6.794110470892975e-02 0.000000000000000e+00
6.062025148680912e-02 0.000000000000000e+00
5.405865246487531e-02 0.000000000000000e+00
4.818229989829172e-02 0.000000000000000e+00
4.292360342239709e-02 0.000000000000000e+00
3.822097804061408e-02 0.000000000000000e+00
3.401842868799564e-02 0.000000000000000e+00
3.026513978668793e-02 0.000000000000000e+00
2.691507593874470e-02 0.000000000000000e+00
2.392659811387232e-02 0.000000000000000e+00
2.126209828881367e-02 0.000000000000000e+00
1.888765440428792e-02 0.000000000000000e+00
1.677270666291862e-02 0.000000000000000e+00
1.488975554768301e-02 0.000000000000000e+00
1.321408145501484e-02 0.000000000000000e+00
1.172348547744249e-02 0.000000000000000e+00
1.039805061142315e-02 0.000000000000000e+00
9.219922485752818e-03 0.000000000000000e+00
8.173108587571996e-03 0.000000000000000e+00
7.243294892829213e-03 0.000000000000000e+00
6.417678775067662e-03 0.000000000000000e+00
5.684817061699547e-03 0.000000000000000e+00
5.034488123430712e-03 0.000000000000000e+00
4.457566914533826e-03 0.000000000000000e+00
3.945911924747888e-03 0.000000000000000e+00
3.492263054157296e-03 0.000000000000000e+00
3.090149477694845e-03 0.000000000000000e+00
2.733806623759559e-03 0.000000000000000e+00
2.418101450182745e-03 0.000000000000000e+00
2.138465259156977e-03 0.000000000000000e+00
1.890833349829059e-03 0.000000000000000e+00
1.671590862372413e-03 0.000000000000000e+00
1.477524220025001e-03 0.000000000000000e+00
1.305777625494639e-03 0.000000000000000e+00
1.153814115109630e-03 0.000000000000000e+00
1.019380718041827e-03 0.000000000000000e+00
9.004773088389473e-04 0.000000000000000e+00
7.953287794169318e-04 0.000000000000000e+00
7.023601916662233e-04 0.000000000000000e+00
6.201746040327802e-04 0.000000000000000e+00
5.475332949799087e-04 0.000000000000000e+00
4.833381332682417e-04 0.000000000000000e+00
4.266158696628277e-04 0.000000000000000e+00
3.765041471454722e-04 0.000000000000000e+00
3.322390471334755e-04 0.000000000000000e+00
2.931440077357869e-04 0.000000000000000e+00
2.586199668622086e-04 0.000000000000000e+00
2.281365981820926e-04 0.000000000000000e+00
2.012245216401581e-04 0.000000000000000e+00
1.774683826049938e-04 0.000000000000000e+00
1.565007048688214e-04 0.000000000000000e+00
1.379964327454063e-04 0.000000000000000e+00
1.216680865288315e-04 0.000000000000000e+00
1.072614636736313e-04 0.000000000000000e+00
9.455182532345122e-05 0.000000000000000e+00
8.334051433077574e-05 0.000000000000000e+00
7.345195674737695e-05 0.000000000000000e+00
6.473100399071761e-05 0.000000000000000e+00
5.704057756635675e-05 0.000000000000000e+00
5.025958240574210e-05 0.000000000000000e+00
4.428105861279957e-05 0.000000000000000e+00
3.901054474691150e-05 0.000000000000000e+00
3.436462874535744e-05 0.000000000000000e+00
3.026966524223765e-05 0.000000000000000e+00
2.666064040685860e-05 0.000000000000000e+00
2.348016753275786e-05 0.000000000000000e+00
2.067759848620140e-05 0.000000000000000e+00
1.820823779457351e-05 0.000000000000000e+00
1.603264764259060e-05 0.000000000000000e+00
1.411603336744309e-05 0.000000000000000e+00
1.242770022050940e-05 0.000000000000000e+00
1.094057320905740e-05 0.000000000000000e+00
9.630772760558203e-06 0.000000000000000e+00
8.477239777598581e-06 0.000000000000000e+00
7.461404384258588e-06 0.000000000000000e+00
6.566893315380798e-06 0.000000000000000e+00
5.779271477469275e-06 0.000000000000000e+00
5.085813722120307e-06 0.000000000000000e+00
4.475303327127892e-06 0.000000000000000e+00
3.937854083168147e-06 0.000000000000000e+00
3.464753240990456e-06 0.000000000000000e+00
3.048322890444072e-06 0.000000000000000e+00
2.681797623002102e-06 0.000000000000000e+00
2.359216577763949e-06 0.000000000000000e+00
2.075328190829076e-06 0.000000000000000e+00
1.825506162646850e-06 0.000000000000000e+00
1.605675330310799e-06 0.000000000000000e+00
1.412246284314729e-06 0.000000000000000e+00
1.242057704274271e-06 0.000000000000000e+00
1.092325507539614e-06 0.000000000000000e+00
9.605980102585076e-07 0.000000000000000e+00
8.447163938684313e-07 0.000000000000000e+00
7.427798526008576e-07 0.000000000000000e+00
6.531148706086965e-07 0.000000000000000e+00
5.742481418797463e-07 0.000000000000000e+00
5.048827031490909e-07 0.000000000000000e+00
4.438769004358262e-07 0.000000000000000e+00
3.902258543698239e-07 0.000000000000000e+00
3.430451288206980e-07 0.000000000000000e+00
3.015563420944187e-07 0.000000000000000e+00
2.650744906550506e-07 0.000000000000000e+00
2.329967824308215e-07 0.000000000000000e+00
2.047928006919766e-07 0.000000000000000e+00
1.799958406115430e-07 0.000000000000000e+00
1.581952792655986e-07 0.000000000000000e+00
1.390298562856517e-07 0.000000000000000e+00
1.221817568976485e-07 0.000000000000000e+00
1.073714018957871e-07 0.000000000000000e+00
9.435286040437755e-08 0.000000000000000e+00
8.290981125396768e-08 0.000000000000000e+00
7.285198759486359e-08 0.000000000000000e+00
6.401204712988069e-08 0.000000000000000e+00
5.624281719049187e-08 0.000000000000000e+00
4.941486991411743e-08 0.000000000000000e+00
4.341438810019786e-08 0.000000000000000e+00
3.814128701287247e-08 0.000000000000000e+00
3.350756153270349e-08 0.000000000000000e+00
2.943583170441092e-08 0.000000000000000e+00
2.585806293982004e-08 0.000000000000000e+00
2.271443996619833e-08 0.000000000000000e+00
1.995237610490712e-08 0.000000000000000e+00
1.752564166356382e-08 0.000000000000000e+00
1.539359716177588e-08 0.000000000000000e+00
1.352051881691521e-08 0.000000000000000e+00
1.187500521965182e-08 0.000000000000000e+00
1.042945545314392e-08 0.000000000000000e+00
9.159610076129950e-09 0.000000000000000e+00
8.044147417421671e-09 0.000000000000000e+00
7.064328533978522e-09 0.000000000000000e+00
6.203684981419531e-09 0.000000000000000e+00
5.447744247345461e-09 0.000000000000000e+00
4.783788315524033e-09 0.000000000000000e+00
4.200641372817146e-09 0.000000000000000e+00
3.688483149499819e-09 0.000000000000000e+00
3.238684805090634e-09 0.000000000000000e+00
2.843664642817068e-09 0.000000000000000e+00
2.496761262398439e-09 0.000000000000000e+00
2.192122048250614e-09 0.000000000000000e+00
1.924605143175609e-09 0.000000000000000e+00
1.689693280214351e-09 0.000000000000000e+00
1.483418041240844e-09 0.000000000000000e+00
1.302293283256638e-09 0.000000000000000e+00
1.143256625021089e-09 0.000000000000000e+00
1.003618020104547e-09 0.000000000000000e+00
8.810145598619184e-10 0.000000000000000e+00
7.733707531154807e-10 0.000000000000000e+00
6.788636202015979e-10 0.000000000000000e+00
5.958920189665814e-10 0.000000000000000e+00
5.230496906048039e-10 0.000000000000000e+00
4.591015750726509e-10 0.000000000000000e+00
4.029630002020464e-10 0.000000000000000e+00
3.536813964723636e-10 0.000000000000000e+00
3.104202314675457e-10 0.000000000000000e+00
2.724448950397294e-10 0.000000000000000e+00
2.391102987319894e-10 0.000000000000000e+00
2.098499816181171e-10 0.000000000000000e+00
1.841665398693158e-10 0.000000000000000e+00
1.616232194722330e-10 0.000000000000000e+00
1.418365309658325e-10 0.000000000000000e+00
1.244697621582122e-10 0.000000000000000e+00
1.092272798118544e-10 0.000000000000000e+00
9.584952449619000e-11 0.000000000000000e+00
8.410861441894824e-11 0.000000000000000e+00
7.380448425542413e-11 0.000000000000000e+00
6.476149396711626e-11 0.000000000000000e+00
5.682545048737476e-11 0.000000000000000e+00
4.986099208295696e-11 0.000000000000000e+00
4.374929129211862e-11 0.000000000000000e+00
3.838603769355163e-11 0.000000000000000e+00
3.367966646536214e-11 0.000000000000000e+00
2.954980282783764e-11 0.000000000000000e+00
2.592589609698369e-11 0.000000000000000e+00
2.274602026839263e-11 0.000000000000000e+00
1.995582085628231e-11 0.000000000000000e+00
1.750759017741329e-11 0.000000000000000e+00
1.535945543528993e-11 0.000000000000000e+00
1.347466586282274e-11 0.000000000000000e+00
1.182096685333972e-11 0.000000000000000e+00
1.037005047849509e-11 0.000000000000000e+00
9.097073081854525e-12 0.000000000000000e+00
7.980231770378899e-12 0.000000000000000e+00
7.000392621704613e-12 0.000000000000000e+00
6.140764299745639e-12 0.000000000000000e+00
5.386611539413530e-12 0.000000000000000e+00
4.725003636078960e-12 0.000000000000000e+00
4.144593668129773e-12 0.000000000000000e+00
3.635424701587903e-12 0.000000000000000e+00
3.188759682993442e-12 0.000000000000000e+00
2.796932128348637e-12 0.000000000000000e+00
2.453215068603320e-12 0.000000000000000e+00
2.151706021900831e-12 0.000000000000000e+00
1.887226034813081e-12 0.000000000000000e+00
1.655231073663837e-12 0.000000000000000e+00
1.451734256802328e-12 0.000000000000000e+00
1.273237602886727e-12 0.000000000000000e+00
1.116672131980611e-12 0.000000000000000e+00
9.793452982884756e-13 0.000000000000000e+00
8.588948580600738e-13 0.000000000000000e+00
7.532483856869339e-13 0.000000000000000e+00
6.605877471506051e-13 0.000000000000000e+00
5.793179243884320e-13 0.000000000000000e+00
5.080396582482955e-13 0.000000000000000e+00
4.455254427642437e-13 0.000000000000000e+00
3.906984606029365e-13 0.000000000000000e+00
3.426140996747191e-13 0.000000000000000e+00
3.004437349234441e-13 0.000000000000000e+00
2.634604979527675e-13 0.000000000000000e+00
2.310267910694995e-13 0.000000000000000e+00
2.025833321026980e-13 0.000000000000000e+00
1.776395424963664e-13 0.000000000000000e+00
1.557651141180465e-13 0.000000000000000e+00
1.365826103652711e-13 0.000000000000000e+00
1.197609748292560e-13 0.000000000000000e+00
1.050098362910456e-13 0.000000000000000e+00
9.207451244361091e-14 0.000000000000000e+00
8.073162668594934e-14 0.000000000000000e+00
7.078526282557141e-14 0.000000000000000e+00
6.206359173257107e-14 0.000000000000000e+00
5.441591206864345e-14 0.000000000000000e+00
4.771005430565720e-14 0.000000000000000e+00
4.183010347161646e-14 0.000000000000000e+00
3.667440152320476e-14 0.000000000000000e+00
3.215379503676222e-14 0.000000000000000e+00
2.819009811530623e-14 0.000000000000000e+00
2.471474409986144e-14 0.000000000000000e+00
2.166760291194432e-14 0.000000000000000e+00
1.899594369587199e-14 0.000000000000000e+00
1.665352492319381e-14 0.000000000000000e+00
1.459979630960017e-14 0.000000000000000e+00
1.279919881455500e-14 0.000000000000000e+00
1.122055067846266e-14 0.000000000000000e+00
9.836508930233949e-15 0.000000000000000e+00
8.623097094952682e-15 0.000000000000000e+00
7.559290969162302e-15 0.000000000000000e+00
6.626655329572048e-15 0.000000000000000e+00
5.809025316822195e-15 0.000000000000000e+00
5.092227004351616e-15 0.000000000000000e+00
4.463832336545888e-15 0.000000000000000e+00
3.912944211765468e-15 0.000000000000000e+00
3.430008004700940e-15 0.000000000000000e+00
3.006646277674219e-15 0.000000000000000e+00
2.635513829808815e-15 0.000000000000000e+00
2.310170583280323e-15 0.000000000000000e+00
2.024970113142335e-15 0.000000000000000e+00
1.774961896777899e-15 0.000000000000000e+00
1.555805595481538e-15 0.000000000000000e+00
1.363695888092738e-15 0.000000000000000e+00
1.195296558542271e-15 0.000000000000000e+00
1.047682698764227e-15 0.000000000000000e+00
9.182900284123527e-16 0.000000000000000e+00
8.048704556059176e-16 0.000000000000000e+00
7.054531106294032e-16 0.000000000000000e+00
6.183101789743132e-16 0.000000000000000e+00
5.419269429655876e-16 0.000000000000000e+00
4.749755138852765e-16 0.000000000000000e+00
4.162918002431301e-16 0.000000000000000e+00
3.648553137449274e-16 0.000000000000000e+00
3.197714635373551e-16 0.000000000000000e+00
2.802560323074992e-16 0.000000000000000e+00
2.456215655263559e-16 0.000000000000000e+00
2.152654381990158e-16 0.000000000000000e+00
1.886593924893766e-16 0.000000000000000e+00
1.653403650244201e-16 0.000000000000000e+00
1.449024449908609e-16 0.000000000000000e+00
1.269898237000753e-16 0.000000000000000e+00
1.112906134531138e-16 0.000000000000000e+00
9.753142858229152e-17 0.000000000000000e+00
8.547263473898046e-17 0.000000000000000e+00
7.490418406650806e-17 0.000000000000000e+00
6.564196404224386e-17 0.000000000000000e+00
5.752459666921188e-17 0.000000000000000e+00
5.041063249855179e-17 0.000000000000000e+00
4.417609080462584e-17 0.000000000000000e+00
3.871230323272312e-17 0.000000000000000e+00
3.392402349880187e-17 0.000000000000000e+00
2.972777033244674e-17 0.000000000000000e+00
2.605037489792650e-17 0.000000000000000e+00
2.282770747384110e-17 0.000000000000000e+00
2.000356128066507e-17 0.000000000000000e+00
1.752867407130211e-17 0.000000000000000e+00
1.535987048972316e-17 0.000000000000000e+00
1.345931029822345e-17 0.000000000000000e+00
1.179382941106947e-17 0.000000000000000e+00
1.033436228311856e-17 0.000000000000000e+00
9.055435614270019e-18 0.000000000000000e+00
7.934724568803522e-18 0.000000000000000e+00
6.952663794223606e-18 0.000000000000000e+00
6.092106475962119e-18 0.000000000000000e+00
5.338025498684217e-18 0.000000000000000e+00
4.677251516455962e-18 0.000000000000000e+00
4.098243375341401e-18 0.000000000000000e+00
3.590886894221124e-18 0.000000000000000e+00
3.146318502509926e-18 0.000000000000000e+00
2.756770665545533e-18 0.000000000000000e+00
2.415436407216956e-18 0.000000000000000e+00
2.116350571470832e-18 0.000000000000000e+00
1.854285755437919e-18 0.000000000000000e+00
1.624661102111015e-18 0.000000000000000e+00
1.423462364208611e-18 0.000000000000000e+00
1.247171846958383e-18 0.000000000000000e+00
1.092707009435580e-18 0.000000000000000e+00
9.573666547779689e-19 0.000000000000000e+00
8.387837716882048e-19 0.000000000000000e+00
7.348842054202195e-19 0.000000000000000e+00
6.438504379399401e-19 0.000000000000000e+00
5.640898459155138e-19 0.000000000000000e+00
4.942068831741635e-19 0.000000000000000e+00
4.329787026170162e-19 0.000000000000000e+00
3.793337924978168e-19 0.000000000000000e+00
3.323332544879062e-19 0.000000000000000e+00
2.911543969812787e-19 0.000000000000000e+00
2.550763574403660e-19 0.000000000000000e+00
2.234675029471143e-19 0.000000000000000e+00
1.957743891200456e-19 0.000000000000000e+00
1.715120847255348e-19 0.000000000000000e+00
1.502556931231865e-19 0.000000000000000e+00
1.316329225552998e-19 0.000000000000000e+00
1.153175755821908e-19 0.000000000000000e+00
1.010238439969856e-19 0.000000000000000e+00
8.850130960449359e-20 0.000000000000000e+00
7.753056356356026e-20 0.000000000000000e+00
6.791936778532184e-20 0.000000000000000e+00
5.949929133900694e-20 0.000000000000000e+00
5.212276310711337e-20 0.000000000000000e+00
4.566048919734883e-20 0.000000000000000e+00
3.999918998624378e-20 0.000000000000000e+00
3.503961724978058e-20 0.000000000000000e+00
3.069481672698170e-20 0.000000000000000e+00
2.688860574840333e-20 0.000000000000000e+00
2.355423931760023e-20 0.000000000000000e+00
2.063324132534662e-20 0.000000000000000e+00
1.807438046111029e-20 0.000000000000000e+00
1.583277291428769e-20 0.000000000000000e+00
1.386909617310548e-20 0.000000000000000e+00
1.214890017052109e-20 0.000000000000000e+00
1.064200372777884e-20 0.000000000000000e+00
9.321965737182170e-21 0.000000000000000e+00
8.165621832140177e-21 0.000000000000000e+00
7.152678437439066e-21 0.000000000000000e+00
6.265357095957108e-21 0.000000000000000e+00
5.488082847198139e-21 0.000000000000000e+00
4.807211203411059e-21 0.000000000000000e+00
4.210788944141644e-21 0.000000000000000e+00
3.688344541616267e-21 0.000000000000000e+00
3.230704547715229e-21 0.000000000000000e+00
2.829832727509687e-21 0.000000000000000e+00
2.478689122344766e-21 0.000000000000000e+00
2.171106574205085e-21 0.000000000000000e+00
1.901682548691119e-21 0.000000000000000e+00
1.665684361705026e-21 0.000000000000000e+00
1.458966149572351e-21 0.000000000000000e+00
1.277896127911907e-21 0.000000000000000e+00
1.119292864703676e-21 0.000000000000000e+00
9.803694508427420e-22 0.000000000000000e+00
8.586845897655282e-22 0.000000000000000e+00
7.520997489111855e-22 0.000000000000000e+00
6.587416219547251e-22 0.000000000000000e+00
5.769692437763755e-22 0.000000000000000e+00
5.053451816406705e-22 0.000000000000000e+00
4.426102974748100e-22 0.000000000000000e+00
3.876616387081926e-22 0.000000000000000e+00
3.395330699584898e-22 0.000000000000000e+00
2.973783058835077e-22 0.000000000000000e+00
2.604560476029335e-22 0.000000000000000e+00
2.281169619664477e-22 0.000000000000000e+00
1.997922752499655e-22 0.000000000000000e+00
1.749837811654877e-22 0.000000000000000e+00
1.532550878676607e-22 0.000000000000000e+00
1.342239503658727e-22 0.000000000000000e+00
1.175555537849498e-22 0.000000000000000e+00
1.029566295935935e-22 0.000000000000000e+00
9.017030152968883e-23 0.000000000000000e+00
7.897157075139589e-23 0.000000000000000e+00
6.916336095674860e-23 0.000000000000000e+00
6.057305403875940e-23 0.000000000000000e+00
5.304945544990830e-23 0.000000000000000e+00
4.646013599017922e-23 0.000000000000000e+00
4.068910333863865e-23 0.000000000000000e+00
3.563476243569605e-23 0.000000000000000e+00
3.120812889307788e-23 0.000000000000000e+00
2.733126405005546e-23 0.000000000000000e+00
2.393590418545119e-23 0.000000000000000e+00
2.096225980362727e-23 0.000000000000000e+00
1.835796389880024e-23 0.000000000000000e+00
1.607715071798732e-23 0.000000000000000e+00
1.407964883455155e-23 0.000000000000000e+00
1.233027435186453e-23 0.000000000000000e+00
1.079821181526064e-23 0.000000000000000e+00
9.456471951063818e-24 0.000000000000000e+00
8.281416701054974e-24 0.000000000000000e+00
7.252343202992641e-24 0.000000000000000e+00
6.351119403445064e-24 0.000000000000000e+00
5.561864896412315e-24 0.000000000000000e+00
4.870671375932738e-24 0.000000000000000e+00
4.265357787027184e-24 0.000000000000000e+00
3.735255869156022e-24 0.000000000000000e+00
3.271022320552663e-24 0.000000000000000e+00
2.864474279730741e-24 0.000000000000000e+00
2.508445230356030e-24 0.000000000000000e+00
2.196658794725044e-24 0.000000000000000e+00
1.923618195605323e-24 0.000000000000000e+00
1.684509441690554e-24 0.000000000000000e+00
1.475116533245480e-24 0.000000000000000e+00
1.291747195899538e-24 0.000000000000000e+00
1.131167835707352e-24 0.000000000000000e+00
9.905465707813250e-25 0.000000000000000e+00
8.674033368658432e-25 0.000000000000000e+00
7.595661886601772e-25 0.000000000000000e+00
6.651330276944158e-25 0.000000000000000e+00
5.824380830351247e-25 0.000000000000000e+00
5.100225547226567e-25 0.000000000000000e+00
4.466089030899017e-25 0.000000000000000e+00
3.910783312701762e-25 0.000000000000000e+00
3.424510643977174e-25 0.000000000000000e+00
2.998690782256918e-25 0.000000000000000e+00
2.625809729991479e-25 0.000000000000000e+00
2.299287261819123e-25 0.000000000000000e+00
2.013360907110257e-25 0.000000000000000e+00
1.762984344215543e-25 0.000000000000000e+00
1.543738416579367e-25 0.000000000000000e+00
1.351753203116835e-25 0.000000000000000e+00
1.183639769901297e-25 0.000000000000000e+00
1.036430400694232e-25 0.000000000000000e+00
9.075262531692118e-26 0.000000000000000e+00
7.946515184635978e-26 0.000000000000000e+00
6.958132762364311e-26 0.000000000000000e+00
6.092663377341682e-26 0.000000000000000e+00
5.334824572327687e-26 0.000000000000000e+00
4.671233691814128e-26 0.000000000000000e+00
4.090171757741709e-26 0.000000000000000e+00
3.581376687075142e-26 0.000000000000000e+00
3.135862205826940e-26 0.000000000000000e+00
2.745759266927973e-26 0.000000000000000e+00
2.404177175918142e-26 0.000000000000000e+00
2.105081975755133e-26 0.000000000000000e+00
1.843189946228124e-26 0.000000000000000e+00
1.613874339872615e-26 0.000000000000000e+00
1.413083709603284e-26 0.000000000000000e+00
1.237270387622756e-26 0.000000000000000e+00
1.083327854124015e-26 0.000000000000000e+00
9.485358910348400e-27 0.000000000000000e+00
8.305125533146012e-27 0.000000000000000e+00
7.271721105249261e-27 0.000000000000000e+00
6.366882166736669e-27 0.000000000000000e+00
5.574616585309957e-27 0.000000000000000e+00
4.880921133617038e-27 0.000000000000000e+00
4.273534177315567e-27 0.000000000000000e+00
3.741719109738504e-27 0.000000000000000e+00
3.276074711364270e-27 0.000000000000000e+00
2.868369087250878e-27 0.000000000000000e+00
2.511394251536257e-27 0.000000000000000e+00
2.198838792367212e-27 0.000000000000000e+00
1.925176369617289e-27 0.000000000000000e+00
1.685568077112425e-27 0.000000000000000e+00
1.475776945727300e-27 0.000000000000000e+00
1.292093077957646e-27 0.000000000000000e+00
1.131268092191741e-27 0.000000000000000e+00
9.904577192057890e-28 0.000000000000000e+00
8.671715372901258e-28 0.000000000000000e+00
7.592289584132252e-28 0.000000000000000e+00
6.647206881704773e-28 0.000000000000000e+00
5.819749788904765e-28 0.000000000000000e+00
5.095280798874103e-28 0.000000000000000e+00
4.460983629464845e-28 0.000000000000000e+00
3.905636660172101e-28 0.000000000000000e+00
3.419414549114604e-28 0.000000000000000e+00
2.993714525618933e-28 0.000000000000000e+00
2.621004289694879e-28 0.000000000000000e+00
2.294688831253468e-28 0.000000000000000e+00
2.008993816048221e-28 0.000000000000000e+00
1.758863477910042e-28 0.000000000000000e+00
1.539871213060126e-28 0.000000000000000e+00
1.348141296644833e-28 0.000000000000000e+00
1.180280338101245e-28 0.000000000000000e+00
1.033317263999734e-28 0.000000000000000e+00
9.046507676568135e-29 0.000000000000000e+00
7.920032967269076e-29 0.000000000000000e+00
6.933807654943385e-29 0.000000000000000e+00
6.070372797357422e-29 0.000000000000000e+00
5.314442505942441e-29 0.000000000000000e+00
4.652633514637011e-29 0.000000000000000e+00
4.073228397935981e-29 0.000000000000000e+00
3.565968251919341e-29 0.000000000000000e+00
3.121871172747176e-29 0.000000000000000e+00
2.733073323060996e-29 0.000000000000000e+00
2.392689775979239e-29 0.000000000000000e+00
2.094692675966933e-29 0.000000000000000e+00
1.833804561971246e-29 0.000000000000000e+00
1.605404966252603e-29 0.000000000000000e+00
1.405448637040182e-29 0.000000000000000e+00
1.230393938646803e-29 0.000000000000000e+00
1.077140162621989e-29 0.000000000000000e+00
9.429726410825513e-30 0.000000000000000e+00
8.255146913210208e-30 0.000000000000000e+00
7.226855415914232e-30 0.000000000000000e+00
6.326634937436956e-30 0.000000000000000e+00
5.538536709915673e-30 0.000000000000000e+00
4.848597801906466e-30 0.000000000000000e+00
4.244593890068404e-30 0.000000000000000e+00
3.715822805250167e-30 0.000000000000000e+00
3.252915022827817e-30 0.000000000000000e+00
2.847667743765683e-30 0.000000000000000e+00
2.492899630194171e-30 0.000000000000000e+00
2.182323624695559e-30 0.000000000000000e+00
1.910435602421454e-30 0.000000000000000e+00
1.672416885289244e-30 0.000000000000000e+00
1.464048892772424e-30 0.000000000000000e+00
1.281638418547433e-30 0.000000000000000e+00
1.121952210284856e-30 0.000000000000000e+00
9.821596945001444e-31 0.000000000000000e+00
8.597828325196395e-31 0.000000000000000e+00
7.526522198206711e-31 0.000000000000000e+00
6.588686515016749e-31 0.000000000000000e+00
5.767694733839938e-31 0.000000000000000e+00
5.048991229523317e-31 0.000000000000000e+00
4.419833385040018e-31 0.000000000000000e+00
3.869065798099735e-31 0.000000000000000e+00
3.386922604419100e-31 0.000000000000000e+00
2.964854416945851e-31 0.000000000000000e+00
2.595376816128821e-31 0.000000000000000e+00
2.271937707879895e-31 0.000000000000000e+00
1.988801199935105e-31 0.000000000000000e+00
1.740945939800538e-31 0.000000000000000e+00
1.523976113540086e-31 0.000000000000000e+00
1.334043528857339e-31 0.000000000000000e+00
1.167779402210643e-31 0.000000000000000e+00
1.022234641552016e-31 0.000000000000000e+00
8.948275667387071e-32 0.000000000000000e+00
7.832981413935225e-32 0.000000000000000e+00
6.856679053181140e-32 0.000000000000000e+00
6.002048975335381e-32 0.000000000000000e+00
5.253929484218212e-32 0.000000000000000e+00
4.599047968357933e-32 0.000000000000000e+00
4.025785558021652e-32 0.000000000000000e+00
3.523971097642251e-32 0.000000000000000e+00
3.084700782458702e-32 0.000000000000000e+00
2.700180262874459e-32 0.000000000000000e+00
2.363586418111210e-32 0.000000000000000e+00
2.068946349240904e-32 0.000000000000000e+00
1.811031446788962e-32 0.000000000000000e+00
1.585264655218634e-32 0.000000000000000e+00
1.387639290460984e-32 0.000000000000000e+00
1.214647971388246e-32 0.000000000000000e+00
1.063220405366340e-32 0.000000000000000e+00
9.306689249394822e-33 0.000000000000000e+00
8.146408100754750e-33 0.000000000000000e+00
7.130765506675361e-33 0.000000000000000e+00
6.241733092779033e-33 0.000000000000000e+00
5.463529362848616e-33 0.000000000000000e+00
4.782339702912971e-33 0.000000000000000e+00
4.186071272988532e-33 0.000000000000000e+00
3.664138439989017e-33 0.000000000000000e+00
3.207274946755403e-33 0.000000000000000e+00
2.807369486160068e-33 0.000000000000000e+00
2.457321764201224e-33 0.000000000000000e+00
2.150916499278968e-33 0.000000000000000e+00
1.882713122869816e-33 0.000000000000000e+00
1.647949225227985e-33 0.000000000000000e+00
1.442456033472688e-33 0.000000000000000e+00
1.262584422790837e-33 0.000000000000000e+00
1.105140148275159e-33 0.000000000000000e+00
9.673271484394914e-34 0.000000000000000e+00
8.466979146041748e-34 0.000000000000000e+00
7.411100456623150e-34 0.000000000000000e+00
6.486882174435981e-34 0.000000000000000e+00
5.677908919309705e-34 0.000000000000000e+00
4.969811756592996e-34 0.000000000000000e+00
4.350013102245628e-34 0.000000000000000e+00
3.807503422619298e-34 0.000000000000000e+00
3.332645766536314e-34 0.000000000000000e+00
2.917004661026883e-34 0.000000000000000e+00
2.553196334319003e-34 0.000000000000000e+00
2.234757608053228e-34 0.000000000000000e+00
1.956031131927472e-34 0.000000000000000e+00
1.712064923937779e-34 0.000000000000000e+00
1.498524433211818e-34 0.000000000000000e+00
1.311615564633933e-34 0.000000000000000e+00
1.148017298974584e-34 0.000000000000000e+00
1.004822712512701e-34 0.000000000000000e+00
8.794873491967410e-35 0.000000000000000e+00
7.697840288729410e-35 0.000000000000000e+00
6.737632893316411e-35 0.000000000000000e+00
5.897187599107738e-35 0.000000000000000e+00
5.161568519232565e-35 0.000000000000000e+00
4.517702277947422e-35 0.000000000000000e+00
3.954145778692053e-35 0.000000000000000e+00
3.460882925520123e-35 0.000000000000000e+00
3.029146688550846e-35 0.000000000000000e+00
2.651263353983028e-35 0.000000000000000e+00
2.320516193036792e-35 0.000000000000000e+00
2.031026128927676e-35 0.000000000000000e+00
1.777647282749999e-35 0.000000000000000e+00
1.555875543305896e-35 0.000000000000000e+00
1.361768537150831e-35 0.000000000000000e+00
1.191875577538970e-35 0.000000000000000e+00
1.043176348134637e-35 0.000000000000000e+00
9.130272324535378e-36 0.000000000000000e+00
7.991143357621420e-36 0.000000000000000e+00
6.994123650050360e-36 0.000000000000000e+00
6.121486363575526e-36 0.000000000000000e+00
5.357715710608705e-36 0.000000000000000e+00
4.689231199054056e-36 0.000000000000000e+00
4.104146265005180e-36 0.000000000000000e+00
3.592057005428851e-36 0.000000000000000e+00
3.143857257564849e-36 0.000000000000000e+00
2.751576739730752e-36 0.000000000000000e+00
2.408239377840576e-36 0.000000000000000e+00
2.107739300499510e-36 0.000000000000000e+00
1.844732299388981e-36 0.000000000000000e+00
1.614540826379507e-36 0.000000000000000e+00
1.413070839280977e-36 0.000000000000000e+00
1.236739018630815e-36 0.000000000000000e+00
1.082409062167682e-36 0.000000000000000e+00
9.473359249134584e-37 0.000000000000000e+00
8.291170139531991e-37 0.000000000000000e+00
7.256494705683764e-37 0.000000000000000e+00
6.350927805374490e-37 0.000000000000000e+00
5.558360480903660e-37 0.000000000000000e+00
4.864693518715084e-37 0.000000000000000e+00
4.257586738004873e-37 0.000000000000000e+00
3.726239552104972e-37 0.000000000000000e+00
3.261198902172470e-37 0.000000000000000e+00
2.854191149149622e-37 0.000000000000000e+00
2.497974935736194e-37 0.000000000000000e+00
2.186212402797654e-37 0.000000000000000e+00
1.913356470840064e-37 0.000000000000000e+00
1.674552182710284e-37 0.000000000000000e+00
1.465550353600698e-37 0.000000000000000e+00
1.282631993191045e-37 0.000000000000000e+00
1.122542156232551e-37 0.000000000000000e+00
9.824320454733034e-38 0.000000000000000e+00
8.598083375161825e-38 0.000000000000000e+00
7.524888305983608e-38 0.000000000000000e+00
6.585636256655657e-38 0.000000000000000e+00
5.763611504820640e-38 0.000000000000000e+00
5.044184226165775e-38 0.000000000000000e+00
4.414550225050589e-38 0.000000000000000e+00
3.863503137526603e-38 0.000000000000000e+00
3.381235055715164e-38 0.000000000000000e+00
2.959162027841803e-38 0.000000000000000e+00
2.589771330527744e-38 0.000000000000000e+00
2.266487797072503e-38 0.000000000000000e+00
1.983556824306451e-38 0.000000000000000e+00
1.735941977171442e-38 0.000000000000000e+00
1.519235369772514e-38 0.000000000000000e+00
1.329579228848466e-38 0.000000000000000e+00
1.163597244472358e-38 0.000000000000000e+00
1.018334486849689e-38 0.000000000000000e+00
8.912048204263574e-39 0.000000000000000e+00
7.799448798585631e-39 0.000000000000000e+00
6.825737891032282e-39 0.000000000000000e+00
5.973579070349085e-39 0.000000000000000e+00
5.227799723997298e-39 0.000000000000000e+00
4.575120991680290e-39 0.000000000000000e+00
4.003921418364509e-39 0.000000000000000e+00
3.504030101749544e-39 0.000000000000000e+00
3.066545653803831e-39 0.000000000000000e+00
2.683677755188573e-39 0.000000000000000e+00
2.348608483307933e-39 0.000000000000000e+00
2.055370946495404e-39 0.000000000000000e+00
1.798743064729895e-39 0.000000000000000e+00
1.574154606745610e-39 0.000000000000000e+00
1.377605829249507e-39 0.000000000000000e+00
1.205596270383188e-39 0.000000000000000e+00
1.055062430233887e-39 0.000000000000000e+00
9.233232293248191e-40 0.000000000000000e+00
8.080322744109351e-40 0.000000000000000e+00
7.071360820336847e-40 0.000000000000000e+00
6.188375163020726e-40 0.000000000000000e+00
5.415637901528515e-40 0.000000000000000e+00
4.739384605505319e-40 0.000000000000000e+00
4.147569191625291e-40 0.000000000000000e+00
3.629649422505546e-40 0.000000000000000e+00
3.176399179628404e-40 0.000000000000000e+00
2.779744168615182e-40 0.000000000000000e+00
2.432618132231243e-40 0.000000000000000e+00
2.128837011497106e-40 0.000000000000000e+00
1.862988814727669e-40 0.000000000000000e+00
1.630337233904457e-40 0.000000000000000e+00
1.426737292478587e-40 0.000000000000000e+00
1.248561522858506e-40 0.000000000000000e+00
1.092635359267017e-40 0.000000000000000e+00
9.561805956915800e-41 0.000000000000000e+00
8.367659022193784e-41 0.000000000000000e+00
7.322635186987105e-41 0.000000000000000e+00
6.408113546369750e-41 0.000000000000000e+00
5.607798204896281e-41 0.000000000000000e+00
4.907427997268513e-41 0.000000000000000e+00
4.294522447842286e-41 0.000000000000000e+00
3.758159445224677e-41 0.000000000000000e+00
3.288780672873587e-41 0.000000000000000e+00
2.878021330796979e-41 0.000000000000000e+00
2.518561115953725e-41 0.000000000000000e+00
2.203993807479833e-41 0.000000000000000e+00
1.928713134140155e-41 0.000000000000000e+00
1.687812891333009e-41 0.000000000000000e+00
1.476999528714032e-41 0.000000000000000e+00
1.292515651572797e-41 0.000000000000000e+00
1.131073073444094e-41 0.000000000000000e+00
9.897942275249789e-42 0.000000000000000e+00
8.661608933266052e-42 0.000000000000000e+00
7.579693252663840e-42 0.000000000000000e+00
6.632909839205089e-42 0.000000000000000e+00
5.804381704390431e-42 0.000000000000000e+00
5.079339519520921e-42 0.000000000000000e+00
4.444858422208262e-42 0.000000000000000e+00
3.889627686719448e-42 0.000000000000000e+00
3.403749154894706e-42 0.000000000000000e+00
2.978560836657439e-42 0.000000000000000e+00
2.606482537463031e-42 0.000000000000000e+00
2.280880762392828e-42 0.000000000000000e+00
1.995950489976791e-42 0.000000000000000e+00
1.746611709337796e-42 0.000000000000000e+00
1.528418877243534e-42 0.000000000000000e+00
1.337481681811738e-42 0.000000000000000e+00
1.170395701039799e-42 0.000000000000000e+00
1.024181720607792e-42 0.000000000000000e+00
8.962326296738622e-43 0.000000000000000e+00
7.842669483902634e-43 0.000000000000000e+00
6.862881590216120e-43 0.000000000000000e+00
6.005491159484652e-43 0.000000000000000e+00
5.255209003307633e-43 0.000000000000000e+00
4.598655643987919e-43 0.000000000000000e+00
4.024122796446479e-43 0.000000000000000e+00
3.521364638392002e-43 0.000000000000000e+00
3.081415148785660e-43 0.000000000000000e+00
2.696428259156854e-43 0.000000000000000e+00
2.359537968840915e-43 0.000000000000000e+00
2.064735930966192e-43 0.000000000000000e+00
1.806764327352839e-43 0.000000000000000e+00
1.581022122945561e-43 0.000000000000000e+00
1.383483028841022e-43 0.000000000000000e+00
1.210623711635709e-43 0.000000000000000e+00
1.059360969429079e-43 0.000000000000000e+00
9.269967546232769e-44 0.000000000000000e+00
8.111700635116970e-44 0.000000000000000e+00
7.098148350359716e-44 0.000000000000000e+00
6.211231081951046e-44 0.000000000000000e+00
5.435127813198477e-44 0.000000000000000e+00
4.755993984500859e-44 0.000000000000000e+00
4.161714598345011e-44 0.000000000000000e+00
3.641688163892068e-44 0.000000000000000e+00
3.186637629247153e-44 0.000000000000000e+00
2.788444930581453e-44 0.000000000000000e+00
2.440006208272426e-44 0.000000000000000e+00
2.135105108648289e-44 0.000000000000000e+00
1.868301912332512e-44 0.000000000000000e+00
1.634836512328628e-44 0.000000000000000e+00
1.430543511893417e-44 0.000000000000000e+00
1.251777928317903e-44 0.000000000000000e+00
1.095350177821432e-44 0.000000000000000e+00
9.584691822344861e-45 0.000000000000000e+00
8.386925829499858e-45 0.000000000000000e+00
7.338831743415729e-45 0.000000000000000e+00
6.421707797393479e-45 0.000000000000000e+00
5.619188900953710e-45 0.000000000000000e+00
4.916954703926268e-45 0.000000000000000e+00
4.302474131658320e-45 0.000000000000000e+00
3.764781835351383e-45 0.000000000000000e+00
3.294282570636884e-45 0.000000000000000e+00
2.882580015516212e-45 0.000000000000000e+00
2.522326974602775e-45 0.000000000000000e+00
2.207094297979473e-45 0.000000000000000e+00
1.931256176724168e-45 0.000000000000000e+00
1.689889769207947e-45 0.000000000000000e+00
1.478687367842934e-45 0.000000000000000e+00
1.293879539604609e-45 0.000000000000000e+00
1.132167869365311e-45 0.000000000000000e+00
9.906661063403365e-46 0.000000000000000e+00
8.668486638192242e-46 0.000000000000000e+00
7.585055535047428e-46 0.000000000000000e+00
6.637029505491419e-46 0.000000000000000e+00
5.807486858077520e-46 0.000000000000000e+00
5.081620497148385e-46 0.000000000000000e+00
4.446473690927899e-46 0.000000000000000e+00
3.890708855046464e-46 0.000000000000000e+00
3.404405226517174e-46 0.000000000000000e+00
2.978881818527753e-46 0.000000000000000e+00
2.606542497380640e-46 0.000000000000000e+00
2.280740417543341e-46 0.000000000000000e+00
1.995659396100726e-46 0.000000000000000e+00
1.746210110088943e-46 0.000000000000000e+00
1.527939264626317e-46 0.000000000000000e+00
1.336950111156037e-46 0.000000000000000e+00
1.169832897605640e-46 0.000000000000000e+00
1.023604009460773e-46 0.000000000000000e+00
8.956527158056828e-47 0.000000000000000e+00
7.836945700660147e-47 0.000000000000000e+00
6.857306339208184e-47 0.000000000000000e+00
6.000117967479231e-47 0.000000000000000e+00
5.250075538833189e-47 0.000000000000000e+00
4.593786865325335e-47 0.000000000000000e+00
4.019533557893493e-47 0.000000000000000e+00
3.517061841364169e-47 0.000000000000000e+00
3.077399511100808e-47 0.000000000000000e+00
2.692695764589670e-47 0.000000000000000e+00
2.356081049447636e-47 0.000000000000000e+00
2.061544426523077e-47 0.000000000000000e+00
1.803826259318144e-47 0.000000000000000e+00
1.578324314464258e-47 0.000000000000000e+00
1.381011597311842e-47 0.000000000000000e+00
1.208364456120061e-47 0.000000000000000e+00
1.057299671589067e-47 0.000000000000000e+00
9.251194088353412e-48 0.000000000000000e+00
8.094630492314773e-48 0.000000000000000e+00
7.082650423186066e-48 0.000000000000000e+00
6.197180254435029e-48 0.000000000000000e+00
5.422405527903457e-48 0.000000000000000e+00
4.744488577466802e-48 0.000000000000000e+00
4.151321445323053e-48 0.000000000000000e+00
3.632309680131796e-48 0.000000000000000e+00
3.178183157440257e-48 0.000000000000000e+00
2.780830545167535e-48 0.000000000000000e+00
2.433154458978215e-48 0.000000000000000e+00
2.128944721693689e-48 0.000000000000000e+00
1.862767464054686e-48 0.000000000000000e+00
1.629868086928520e-48 0.000000000000000e+00
1.426086352496204e-48 0.000000000000000e+00
1.247782088473478e-48 0.000000000000000e+00
1.091770178880406e-48 0.000000000000000e+00
9.552636806575982e-49 0.000000000000000e+00
8.358240504921733e-49 0.000000000000000e+00
7.313175931523949e-49 0.000000000000000e+00
6.398773537019890e-49 0.000000000000000e+00
5.598697731559351e-49 0.000000000000000e+00
4.898655121837711e-49 0.000000000000000e+00
4.286139218820560e-49 0.000000000000000e+00
3.750207057529105e-49 0.000000000000000e+00
3.281283740027462e-49 0.000000000000000e+00
2.870991411314389e-49 0.000000000000000e+00
2.511999614072621e-49 0.000000000000000e+00
2.197894349955695e-49 0.000000000000000e+00
1.923063509109474e-49 0.000000000000000e+00
1.682596621895741e-49 0.000000000000000e+00
1.472197142525941e-49 0.000000000000000e+00
1.288105698089633e-49 0.000000000000000e+00
1.127032932269502e-49 0.000000000000000e+00
9.861007443682742e-50 0.000000000000000e+00
8.627908741915925e-50 0.000000000000000e+00
7.548999145111296e-50 0.000000000000000e+00
6.604999476160324e-50 0.000000000000000e+00
5.779041028975024e-50 0.000000000000000e+00
5.056364202940727e-50 0.000000000000000e+00
4.424054813230507e-50 0.000000000000000e+00
3.870813367096032e-50 0.000000000000000e+00
3.386753185004672e-50 0.000000000000000e+00
2.963223760654764e-50 0.000000000000000e+00
2.592656204668696e-50 0.000000000000000e+00
2.268428011185486e-50 0.000000000000000e+00
1.984744731693661e-50 0.000000000000000e+00
1.736536442424053e-50 0.000000000000000e+00
1.519367155852913e-50 0.000000000000000e+00
1.329355558066802e-50 0.000000000000000e+00
1.163105656040707e-50 0.000000000000000e+00
1.017646095892261e-50 0.000000000000000e+00
8.903770680589011e-51 0.000000000000000e+00
7.790238508671353e-51 0.000000000000000e+00
6.815961625440673e-51 0.000000000000000e+00
5.963525954786466e-51 0.000000000000000e+00
5.217694973267002e-51 0.000000000000000e+00
4.565137429911196e-51 0.000000000000000e+00
3.994189110152819e-51 0.000000000000000e+00
3.494644387452711e-51 0.000000000000000e+00
3.057573838309376e-51 0.000000000000000e+00
2.675164661977274e-51 0.000000000000000e+00
2.340581053621421e-51 0.000000000000000e+00
2.047842036113386e-51 0.000000000000000e+00
1.791714567584541e-51 0.000000000000000e+00
1.567620014768579e-51 0.000000000000000e+00
1.371552320961783e-51 0.000000000000000e+00
1.200006406371602e-51 0.000000000000000e+00
1.049915521444034e-51 0.000000000000000e+00
9.185964337237287e-52 0.000000000000000e+00
8.037014687651033e-52 0.000000000000000e+00
7.031765480782077e-52 0.000000000000000e+00
6.152244742473907e-52 0.000000000000000e+00
5.382728071180365e-52 0.000000000000000e+00
4.709457569817776e-52 0.000000000000000e+00
4.120395924690562e-52 0.000000000000000e+00
3.605011236620514e-52 0.000000000000000e+00
3.154088758927757e-52 0.000000000000000e+00
2.759566177723125e-52 0.000000000000000e+00
2.414389490666914e-52 0.000000000000000e+00
2.112386908444011e-52 0.000000000000000e+00
1.848158525276446e-52 0.000000000000000e+00
1.616979786595736e-52 0.000000000000000e+00
1.414717028563907e-52 0.000000000000000e+00
1.237753579868939e-52 0.000000000000000e+00
1.082925104982393e-52 0.000000000000000e+00
9.474630332267005e-53 0.000000000000000e+00
8.289450625080466e-53 0.000000000000000e+00
7.252518530100979e-53 0.000000000000000e+00
6.345291367731523e-53 0.000000000000000e+00
5.551545658794900e-53 0.000000000000000e+00
4.857087066583403e-53 0.000000000000000e+00
4.249496614263520e-53 0.000000000000000e+00
3.717908641159170e-53 0.000000000000000e+00
3.252816528727357e-53 0.000000000000000e+00
2.845902723393751e-53 0.000000000000000e+00
2.489890017702311e-53 0.000000000000000e+00
2.178411431213677e-53 0.000000000000000e+00
1.905896365051902e-53 0.000000000000000e+00
1.667470994889831e-53 0.000000000000000e+00
1.458871121678499e-53 0.000000000000000e+00
1.276365922113762e-53 0.000000000000000e+00
1.116691235674042e-53 0.000000000000000e+00
9.769911955384009e-54 0.000000000000000e+00
8.547671598512377e-54 0.000000000000000e+00
7.478330303042640e-54 0.000000000000000e+00
6.542761591907291e-54 0.000000000000000e+00
5.724231459917818e-54 0.000000000000000e+00
5.008099119660937e-54 0.000000000000000e+00
4.381555176937329e-54 0.000000000000000e+00
3.833392554407403e-54 0.000000000000000e+00
3.353806067579864e-54 0.000000000000000e+00
2.934217069531433e-54 0.000000000000000e+00
2.567120028936282e-54 0.000000000000000e+00
2.245948298122895e-54 0.000000000000000e+00
1.964956670973496e-54 0.000000000000000e+00
1.719118630670102e-54 0.000000000000000e+00
1.504036449937369e-54 0.000000000000000e+00
1.315862536231009e-54 0.000000000000000e+00
1.151230615379286e-54 0.000000000000000e+00
1.007195523098310e-54 0.000000000000000e+00
8.811805277141529e-55 0.000000000000000e+00
7.709312420876881e-55 0.000000000000000e+00
6.744753005588819e-55 0.000000000000000e+00
5.900870798123528e-55 0.000000000000000e+00
5.162568327582428e-55 0.000000000000000e+00
4.516636834342878e-55 0.000000000000000e+00
3.951519999771771e-55 0.000000000000000e+00
3.457107231182349e-55 0.000000000000000e+00
3.024552805101162e-55 0.000000000000000e+00
2.646117634325046e-55 0.000000000000000e+00
2.315030828824731e-55 0.000000000000000e+00
2.025368574525913e-55 0.000000000000000e+00
1.771948163698950e-55 0.000000000000000e+00
1.550235281652336e-55 0.000000000000000e+00
1.356262891497467e-55 0.000000000000000e+00
1.186560266171917e-55 0.000000000000000e+00
1.038090898384169e-55 0.000000000000000e+00
9.081981779194985e-56 0.000000000000000e+00
7.945578646634690e-56 0.000000000000000e+00
6.951365072403316e-56 0.000000000000000e+00
6.081550635018040e-56 0.000000000000000e+00
5.320570721387716e-56 0.000000000000000e+00
4.654808060880392e-56 0.000000000000000e+00
4.072349096240208e-56 0.000000000000000e+00
3.562770833346747e-56 0.000000000000000e+00
3.116954356963584e-56 0.000000000000000e+00
2.726921676584761e-56 0.000000000000000e+00
2.385692983787636e-56 0.000000000000000e+00
2.087161767600854e-56 0.000000000000000e+00
1.825985553826291e-56 0.000000000000000e+00
1.597490313726309e-56 0.000000000000000e+00
1.397586832000707e-56 0.000000000000000e+00
1.222697537904223e-56 0.000000000000000e+00
1.069692490521310e-56 0.000000000000000e+00
9.358333729676123e-57 0.000000000000000e+00
8.187244935557932e-57 0.000000000000000e+00
7.162699173094596e-57 0.000000000000000e+00
6.266359608748426e-57 0.000000000000000e+00
5.482183798269748e-57 0.000000000000000e+00
4.796136613115104e-57 0.000000000000000e+00
4.195939084064946e-57 0.000000000000000e+00
3.670848668439069e-57 0.000000000000000e+00
3.211467009480230e-57 0.000000000000000e+00
2.809571748320772e-57 0.000000000000000e+00
2.457969379261445e-57 0.000000000000000e+00
2.150366515573050e-57 0.000000000000000e+00
1.881257262414294e-57 0.000000000000000e+00
1.645824681635336e-57 0.000000000000000e+00
1.439854585360658e-57 0.000000000000000e+00
1.259660115827286e-57 0.000000000000000e+00
1.102015761940752e-57 0.000000000000000e+00
9.640996318538786e-58 0.000000000000000e+00
8.434429485928312e-58 0.000000000000000e+00
7.378858649934473e-58 0.000000000000000e+00
6.455388072807047e-58 0.000000000000000e+00
5.647486555479720e-58 0.000000000000000e+00
4.940691559401976e-58 0.000000000000000e+00
4.322350350647275e-58 0.000000000000000e+00
3.781393533996417e-58 0.000000000000000e+00
3.308136924275409e-58 0.000000000000000e+00
2.894108209294861e-58 0.000000000000000e+00
2.531895302364974e-58 0.000000000000000e+00
2.215013670483383e-58 0.000000000000000e+00
1.937790263856472e-58 0.000000000000000e+00
1.695261969493735e-58 0.000000000000000e+00
1.483086771524334e-58 0.000000000000000e+00
1.297466028275681e-58 0.000000000000000e+00
1.135076475094004e-58 0.000000000000000e+00
9.930107359360676e-59 0.000000000000000e+00
8.687252790335956e-59 0.000000000000000e+00
7.599948851521206e-59 0.000000000000000e+00
6.648728135176539e-59 0.000000000000000e+00
5.816559524532151e-59 0.000000000000000e+00
5.088543309774321e-59 0.000000000000000e+00
4.451644456654536e-59 0.000000000000000e+00
3.894459253548383e-59 0.000000000000000e+00
3.407011160177932e-59 0.000000000000000e+00
2.980572203850726e-59 0.000000000000000e+00
2.607506726312797e-59 0.000000000000000e+00
2.281134684344443e-59 0.000000000000000e+00
1.995612057204464e-59 0.000000000000000e+00
1.745826220213946e-59 0.000000000000000e+00
1.527304411643859e-59 0.000000000000000e+00
1.336133654425420e-59 0.000000000000000e+00
1.168890699232264e-59 0.000000000000000e+00
1.022580734858285e-59 0.000000000000000e+00
8.945837687445490e-60 0.000000000000000e+00
7.826077178015078e-60 0.000000000000000e+00
6.846473697858889e-60 0.000000000000000e+00
5.989484805747458e-60 0.000000000000000e+00
5.239763646129035e-60 0.000000000000000e+00
4.583884162397728e-60 0.000000000000000e+00
4.010100699667388e-60 0.000000000000000e+00
3.508137693363942e-60 0.000000000000000e+00
3.069005678516106e-60 0.000000000000000e+00
2.684840325797171e-60 0.000000000000000e+00
2.348761622582323e-60 0.000000000000000e+00
2.054750677914445e-60 0.000000000000000e+00
1.797541945771426e-60 0.000000000000000e+00
1.572528937046737e-60 0.000000000000000e+00
1.375681732132902e-60 0.000000000000000e+00
1.203474817256744e-60 0.000000000000000e+00
1.052823952537378e-60 0.000000000000000e+00
9.210309414310594e-61 0.000000000000000e+00
8.057353126855712e-61 0.000000000000000e+00
7.048720496827548e-61 0.000000000000000e+00
6.166346103165995e-61 0.000000000000000e+00
5.394425752737938e-61 0.000000000000000e+00
4.719133454495417e-61 0.000000000000000e+00
4.128373817270381e-61 0.000000000000000e+00
3.611565437720431e-61 0.000000000000000e+00
3.159451399798636e-61 0.000000000000000e+00
2.763933492540047e-61 0.000000000000000e+00
2.417927177627748e-61 0.000000000000000e+00
2.115234709724644e-61 0.000000000000000e+00
1.850434137584638e-61 0.000000000000000e+00
1.618782198307135e-61 0.000000000000000e+00
1.416129365862513e-61 0.000000000000000e+00
1.238845532646806e-61 0.000000000000000e+00
1.083754993217616e-61 0.000000000000000e+00
9.480795659287638e-62 0.000000000000000e+00
8.293888339004888e-62 0.000000000000000e+00
7.255566142440553e-62 0.000000000000000e+00
6.347228759866480e-62 0.000000000000000e+00
5.552604247113867e-62 0.000000000000000e+00
4.857457572848836e-62 0.000000000000000e+00
4.249335647193522e-62 0.000000000000000e+00
3.717344265448184e-62 0.000000000000000e+00
3.251952972191716e-62 0.000000000000000e+00
2.844824351029271e-62 0.000000000000000e+00
2.488664682668738e-62 0.000000000000000e+00
2.177093296674517e-62 0.000000000000000e+00
1.904528277019262e-62 0.000000000000000e+00
1.666086474426123e-62 0.000000000000000e+00
1.457496034709784e-62 0.000000000000000e+00
1.275019876471881e-62 0.000000000000000e+00
1.115388747598865e-62 0.000000000000000e+00
9.757426615593779e-63 0.000000000000000e+00
8.535796645754668e-63 0.000000000000000e+00
7.467110160349456e-63 0.000000000000000e+00
6.532219793719291e-63 0.000000000000000e+00
5.714375211258150e-63 0.000000000000000e+00
4.998923037951434e-63 0.000000000000000e+00
4.373044350060109e-63 0.000000000000000e+00
3.825525027921875e-63 0.000000000000000e+00
3.346554856405849e-63 0.000000000000000e+00
2.927551774452461e-63 0.000000000000000e+00
2.561008125576568e-63 0.000000000000000e+00
2.240356155275854e-63 0.000000000000000e+00
1.959850346025604e-63 0.000000000000000e+00
1.714464482128650e-63 0.000000000000000e+00
1.499801600526873e-63 0.000000000000000e+00
1.312015214493101e-63 0.000000000000000e+00
1.147740399043363e-63 0.000000000000000e+00
1.004033503555405e-63 0.000000000000000e+00
8.783194116139203e-64 0.000000000000000e+00
7.683454032937213e-64 0.000000000000000e+00
6.721407933603247e-64 0.000000000000000e+00
5.879816223314201e-64 0.000000000000000e+00
5.143597678554306e-64 0.000000000000000e+00
4.499559230460381e-64 0.000000000000000e+00
3.936159576823432e-64 0.000000000000000e+00
3.443302387839439e-64 0.000000000000000e+00
3.012155400840728e-64 0.000000000000000e+00
2.634992163015627e-64 0.000000000000000e+00
2.305053586845024e-64 0.000000000000000e+00
2.016426837917202e-64 0.000000000000000e+00
1.763939385284276e-64 0.000000000000000e+00
1.543066316156484e-64 0.000000000000000e+00
1.349849254359929e-64 0.000000000000000e+00
1.180825429865774e-64 0.000000000000000e+00
1.032965628557810e-64 0.000000000000000e+00
9.036199104986083e-65 0.000000000000000e+00
7.904701241316593e-65 0.000000000000000e+00
6.914883656113576e-65 0.000000000000000e+00
6.049006389651518e-65 0.000000000000000e+00
5.291550659708715e-65 0.000000000000000e+00
4.628940761461707e-65 0.000000000000000e+00
4.049300785564884e-65 0.000000000000000e+00
3.542241795303211e-65 0.000000000000000e+00
3.098675649434601e-65 0.000000000000000e+00
2.710652134747941e-65 0.000000000000000e+00
2.371216490005773e-65 0.000000000000000e+00
2.074284768298851e-65 0.000000000000000e+00
1.814534804458782e-65 0.000000000000000e+00
1.587310833780453e-65 0.000000000000000e+00
1.388540052907252e-65 0.000000000000000e+00
1.214659627711211e-65 0.000000000000000e+00
1.062552840190755e-65 0.000000000000000e+00
9.294932301642449e-66 0.000000000000000e+00
8.130957307919450e-66 0.000000000000000e+00
7.112739222787364e-66 0.000000000000000e+00
6.222026377402908e-66 0.000000000000000e+00
5.442852511205599e-66 0.000000000000000e+00
4.761250609466462e-66 0.000000000000000e+00
4.165002571015698e-66 0.000000000000000e+00
3.643420220011291e-66 0.000000000000000e+00
3.187153737283447e-66 0.000000000000000e+00
2.788024078142153e-66 0.000000000000000e+00
2.438876373371044e-66 0.000000000000000e+00
2.133451686151384e-66 0.000000000000000e+00
1.866274826603034e-66 0.000000000000000e+00
1.632556213388496e-66 0.000000000000000e+00
1.428106023557672e-66 0.000000000000000e+00
1.249259092025402e-66 0.000000000000000e+00
1.092809214717003e-66 0.000000000000000e+00
9.559516779407687e-67 0.000000000000000e+00
8.362329839704834e-67 0.000000000000000e+00
7.315068717870909e-67 0.000000000000000e+00
6.398958447476219e-67 0.000000000000000e+00
5.597575156430531e-67 0.000000000000000e+00
4.896551659433684e-67 0.000000000000000e+00
4.283319915548665e-67 0.000000000000000e+00
3.746885734851230e-67 0.000000000000000e+00
3.277631696089203e-67 0.000000000000000e+00
2.867144742896478e-67 0.000000000000000e+00
2.508065368412190e-67 0.000000000000000e+00
2.193955685080553e-67 0.000000000000000e+00
1.919184014885579e-67 0.000000000000000e+00
1.678823931372844e-67 0.000000000000000e+00
1.468565943834055e-67 0.000000000000000e+00
1.284640240621371e-67 0.000000000000000e+00
1.123749106777855e-67 0.000000000000000e+00
9.830078045706074e-68 0.000000000000000e+00
8.598928572014857e-68 0.000000000000000e+00
7.521968086654170e-68 0.000000000000000e+00
6.579886488062580e-68 0.000000000000000e+00
5.755791941653410e-68 0.000000000000000e+00
5.034908040481320e-68 0.000000000000000e+00
4.404308889418957e-68 0.000000000000000e+00
3.852687363945667e-68 0.000000000000000e+00
3.370152389305341e-68 0.000000000000000e+00
2.948051605985031e-68 0.000000000000000e+00
2.578816242523689e-68 0.000000000000000e+00
2.255825414737031e-68 0.000000000000000e+00
1.973287418674983e-68 0.000000000000000e+00
1.726135889253913e-68 0.000000000000000e+00
1.509938962986752e-68 0.000000000000000e+00
1.320819816346521e-68 0.000000000000000e+00
1.155387155220946e-68 0.000000000000000e+00
1.010674409302867e-68 0.000000000000000e+00
8.840865413104022e-69 0.000000000000000e+00
7.733535174394751e-69 0.000000000000000e+00
6.764896048660665e-69 0.000000000000000e+00
5.917577665769787e-69 0.000000000000000e+00
5.176385151883805e-69 0.000000000000000e+00
4.528026673489237e-69 0.000000000000000e+00
3.960875102516932e-69 0.000000000000000e+00
3.464759529501055e-69 0.000000000000000e+00
3.030782886836340e-69 0.000000000000000e+00
2.651162412291118e-69 0.000000000000000e+00
2.319090092414339e-69 0.000000000000000e+00
2.028610583677933e-69 0.000000000000000e+00
1.774514422542349e-69 0.000000000000000e+00
1.552244609740195e-69 0.000000000000000e+00
1.357814893854178e-69 0.000000000000000e+00
1.187738289019485e-69 0.000000000000000e+00
1.038964545067532e-69 0.000000000000000e+00
9.088254489368657e-70 0.000000000000000e+00
7.949869765854590e-70 0.000000000000000e+00
6.954074374637177e-70 0.000000000000000e+00
6.083008610511536e-70 0.000000000000000e+00
5.321049689480396e-70 0.000000000000000e+00
4.654531582314256e-70 0.000000000000000e+00
4.071499937066240e-70 0.000000000000000e+00
3.561497696000735e-70 0.000000000000000e+00
3.115377562752778e-70 0.000000000000000e+00
2.725137956969951e-70 0.000000000000000e+00
2.383779514831266e-70 0.000000000000000e+00
2.085179562238794e-70 0.000000000000000e+00
1.823982309742345e-70 0.000000000000000e+00
1.595502800163130e-70 0.000000000000000e+00
1.395642886483346e-70 0.000000000000000e+00
1.220817733286182e-70 0.000000000000000e+00
1.067891523732550e-70 0.000000000000000e+00
9.341212191301836e-71 0.000000000000000e+00
8.171073625471519e-71 0.000000000000000e+00
7.147510442342928e-71 0.000000000000000e+00
6.252162571143671e-71 0.000000000000000e+00
5.468969672508923e-71 0.000000000000000e+00
4.783883087597689e-71 0.000000000000000e+00
4.184613865878612e-71 0.000000000000000e+00
3.660412352808483e-71 0.000000000000000e+00
3.201875384579402e-71 0.000000000000000e+00
2.800777632182606e-71 0.000000000000000e+00
2.449924070105262e-71 0.000000000000000e+00
2.143020923806265e-71 0.000000000000000e+00
1.874562781501180e-71 0.000000000000000e+00
1.639733845666782e-71 0.000000000000000e+00
1.434321553250404e-71 0.000000000000000e+00
1.254641015385138e-71 0.000000000000000e+00
1.097468921446617e-71 0.000000000000000e+00
9.599857220198088e-72 0.000000000000000e+00
8.397250538186928e-72 0.000000000000000e+00
7.345294994803015e-72 0.000000000000000e+00
6.425118887663526e-72 0.000000000000000e+00
5.620214470879099e-72 0.000000000000000e+00
4.916141842033624e-72 0.000000000000000e+00
4.300269919864375e-72 0.000000000000000e+00
3.761549866827122e-72 0.000000000000000e+00
3.290316892630472e-72 0.000000000000000e+00
2.878116883840950e-72 0.000000000000000e+00
2.517554749923104e-72 0.000000000000000e+00
2.202161765572638e-72 0.000000000000000e+00
1.926279529909774e-72 0.000000000000000e+00
1.684958461135172e-72 0.000000000000000e+00
1.473869005956420e-72 0.000000000000000e+00
1.289223971144879e-72 0.000000000000000e+00
1.127710584070473e-72 0.000000000000000e+00
9.864310635632542e-73 0.000000000000000e+00
8.628506350950966e-73 0.000000000000000e+00
7.547520577999742e-73 0.000000000000000e+00
6.601958476518529e-73 0.000000000000000e+00
5.774854832899560e-73 0.000000000000000e+00
5.051369703544978e-73 0.000000000000000e+00
4.418522183747931e-73 0.000000000000000e+00
3.864957526381033e-73 0.000000000000000e+00
3.380743432881805e-73 0.000000000000000e+00
2.957191862301379e-73 0.000000000000000e+00
2.586703161915051e-73 0.000000000000000e+00
2.262629723291106e-73 0.000000000000000e+00
1.979156717959026e-73 0.000000000000000e+00
1.731197773191703e-73 0.000000000000000e+00
1.514303716413685e-73 0.000000000000000e+00
1.324582751175705e-73 0.000000000000000e+00
1.158630632699442e-73 0.000000000000000e+00
1.013469590373831e-73 0.000000000000000e+00
8.864949014926069e-74 0.000000000000000e+00
7.754281577766529e-74 0.000000000000000e+00
6.782763862858500e-74 0.000000000000000e+00
5.932962913472526e-74 0.000000000000000e+00
5.189629759931037e-74 0.000000000000000e+00
4.539425817614426e-74 0.000000000000000e+00
3.970683560052093e-74 0.000000000000000e+00
3.473197173437006e-74 0.000000000000000e+00
3.038039436759501e-74 0.000000000000000e+00
2.657401542238569e-74 0.000000000000000e+00
2.324452982276370e-74 0.000000000000000e+00
2.033218989156483e-74 0.000000000000000e+00
1.778473328606014e-74 0.000000000000000e+00
1.555644523794970e-74 0.000000000000000e+00
1.360733827294383e-74 0.000000000000000e+00
1.190243469279892e-74 0.000000000000000e+00
1.041113894630548e-74 0.000000000000000e+00
9.106688628409296e-75 0.000000000000000e+00
7.965674257310562e-75 0.000000000000000e+00
6.967619213337926e-75 0.000000000000000e+00
6.094612302769571e-75 0.000000000000000e+00
5.330986353935855e-75 0.000000000000000e+00
4.663037078824608e-75 0.000000000000000e+00
4.078777155837698e-75 0.000000000000000e+00
3.567721121275478e-75 0.000000000000000e+00
3.120697209891301e-75 0.000000000000000e+00
2.729682768377721e-75 0.000000000000000e+00
2.387660288593948e-75 0.000000000000000e+00
2.088491477308102e-75 0.000000000000000e+00
1.826807102845261e-75 0.000000000000000e+00
1.597910642109092e-75 0.000000000000000e+00
1.397693999059341e-75 0.000000000000000e+00
1.222563782322341e-75 0.000000000000000e+00
1.069376819072562e-75 0.000000000000000e+00
9.353837480494193e-76 0.000000000000000e+00
8.181796795382438e-76 0.000000000000000e+00
7.156610369484254e-76 0.000000000000000e+00
6.259878055402505e-76 0.000000000000000e+00
5.475505108749715e-76 0.000000000000000e+00
4.789413344308451e-76 0.000000000000000e+00
4.189288480640089e-76 0.000000000000000e+00
3.664359139290218e-76 0.000000000000000e+00
3.205203532747781e-76 0.000000000000000e+00
2.803580372164229e-76 0.000000000000000e+00
2.452280960443343e-76 0.000000000000000e+00
2.144999816469563e-76 0.000000000000000e+00
1.876221508773687e-76 0.000000000000000e+00
1.641121667806216e-76 0.000000000000000e+00
1.435480400419336e-76 0.000000000000000e+00
1.255606552713831e-76 0.000000000000000e+00
1.098271462080431e-76 0.000000000000000e+00
9.606510095491904e-77 0.000000000000000e+00
8.402749325109749e-77 0.000000000000000e+00
7.349824881646830e-77 0.000000000000000e+00
6.428836720102125e-77 0.000000000000000e+00
5.623252953954853e-77 0.000000000000000e+00
4.918613133247416e-77 0.000000000000000e+00
4.302268700095621e-77 0.000000000000000e+00
3.763155963622936e-77 0.000000000000000e+00
3.291597519909674e-77 0.000000000000000e+00
2.879128553026039e-77 0.000000000000000e+00
2.518344899740208e-77 0.000000000000000e+00
2.202770151071642e-77 0.000000000000000e+00
1.926739405504436e-77 0.000000000000000e+00
1.685297587516298e-77 0.000000000000000e+00
1.474110506478571e-77 0.000000000000000e+00
1.289387059632143e-77 0.000000000000000e+00
1.127811182846474e-77 0.000000000000000e+00
9.864823278131751e-78 0.000000000000000e+00
8.628633973512610e-78 0.000000000000000e+00
7.547352043542404e-78 0.000000000000000e+00
6.601566369918790e-78 0.000000000000000e+00
5.774298151927545e-78 0.000000000000000e+00
5.050696130155806e-78 0.000000000000000e+00
4.417769998753088e-78 0.000000000000000e+00
3.864157221304495e-78 0.000000000000000e+00
3.379919064909190e-78 0.000000000000000e+00
2.956362191469443e-78 0.000000000000000e+00
2.585882603902800e-78 0.000000000000000e+00
2.261829146224261e-78 0.000000000000000e+00
1.978384107407654e-78 0.000000000000000e+00
1.730458785924229e-78 0.000000000000000e+00
1.513602140381378e-78 0.000000000000000e+00
1.323920886564596e-78 0.000000000000000e+00
1.158009606636573e-78 0.000000000000000e+00
1.012889615956147e-78 0.000000000000000e+00
8.859554901718422e-79 0.000000000000000e+00
7.749282927412066e-79 0.000000000000000e+00
6.778146632957671e-79 0.000000000000000e+00
5.928710324707852e-79 0.000000000000000e+00
5.185723208371183e-79 0.000000000000000e+00
4.535845600609804e-79 0.000000000000000e+00
3.967409448208223e-79 0.000000000000000e+00
3.470208855925392e-79 0.000000000000000e+00
3.035316862800486e-79 0.000000000000000e+00
2.654925177847704e-79 0.000000000000000e+00
2.322203998203565e-79 0.000000000000000e+00
2.031179393278660e-79 0.000000000000000e+00
1.776626053784967e-79 0.000000000000000e+00
1.553973480319329e-79 0.000000000000000e+00
1.359223927433898e-79 0.000000000000000e+00
1.188880630145613e-79 0.000000000000000e+00
1.039885024416624e-79 0.000000000000000e+00
9.095618345892654e-80 0.000000000000000e+00
7.955710419804302e-80 0.000000000000000e+00
6.958658723661460e-80 0.000000000000000e+00
6.086560481347885e-80 0.000000000000000e+00
5.323756453962943e-80 0.000000000000000e+00
4.656549790013040e-80 0.000000000000000e+00
4.072960107322345e-80 0.000000000000000e+00
3.562508391758202e-80 0.000000000000000e+00
3.116028851089530e-80 0.000000000000000e+00
2.725504346197555e-80 0.000000000000000e+00
2.383922445123664e-80 0.000000000000000e+00
2.085149515666759e-80 0.000000000000000e+00
1.823820596078214e-80 0.000000000000000e+00
1.595243066659289e-80 0.000000000000000e+00
1.395312392828549e-80 0.000000000000000e+00
1.220438426942928e-80 0.000000000000000e+00
1.067480945715890e-80 0.000000000000000e+00
9.336932658825602e-81 0.000000000000000e+00
8.166729257910638e-81 0.000000000000000e+00
7.143185474552243e-81 0.000000000000000e+00
6.247921045634159e-81 0.000000000000000e+00
5.464859189936695e-81 0.000000000000000e+00
4.779937932784301e-81 0.000000000000000e+00
4.180857607176307e-81 0.000000000000000e+00
3.656859997890110e-81 0.000000000000000e+00
3.198535163158942e-81 0.000000000000000e+00
2.797652465447800e-81 0.000000000000000e+00
2.447012777502572e-81 0.000000000000000e+00
2.140319210031539e-81 0.000000000000000e+00
1.872064039920719e-81 0.000000000000000e+00
1.637429808754915e-81 0.000000000000000e+00
1.432202815836787e-81 0.000000000000000e+00
1.252697452434308e-81 0.000000000000000e+00
1.095690018637875e-81 0.000000000000000e+00
9.583608344667074e-82 0.000000000000000e+00
8.382436057865443e-82 0.000000000000000e+00
7.331811358609390e-82 0.000000000000000e+00
6.412865872949629e-82 0.000000000000000e+00
5.609095987886878e-82 0.000000000000000e+00
4.906066482874991e-82 0.000000000000000e+00
4.291151303621797e-82 0.000000000000000e+00
3.753306823426971e-82 0.000000000000000e+00
3.282873520630812e-82 0.000000000000000e+00
2.871402510980313e-82 0.000000000000000e+00
2.511503820010106e-82 0.000000000000000e+00
2.196713670898631e-82 0.000000000000000e+00
1.921378404702872e-82 0.000000000000000e+00
1.680552948528770e-82 0.000000000000000e+00
1.469912008421062e-82 0.000000000000000e+00
1.285672392246063e-82 0.000000000000000e+00
1.124525067696449e-82 0.000000000000000e+00
9.835757353565082e-83 0.000000000000000e+00
8.602928496686507e-83 0.000000000000000e+00
7.524621543823158e-83 0.000000000000000e+00
6.581469160462617e-83 0.000000000000000e+00
5.756531414249672e-83 0.000000000000000e+00
5.034991542166712e-83 0.000000000000000e+00
4.403889847314301e-83 0.000000000000000e+00
3.851890946580477e-83 0.000000000000000e+00
3.369080189382722e-83 0.000000000000000e+00
2.946785591506340e-83 0.000000000000000e+00
2.577422086253011e-83 0.000000000000000e+00
2.254355295881228e-83 0.000000000000000e+00
1.971782376862007e-83 0.000000000000000e+00
1.724627799083383e-83 0.000000000000000e+00
1.508452187321351e-83 0.000000000000000e+00
1.319372587868609e-83 0.000000000000000e+00
1.153992728387941e-83 0.000000000000000e+00
1.009342018518640e-83 0.000000000000000e+00
8.828221957344874e-84 0.000000000000000e+00
7.721606582492290e-84 0.000000000000000e+00
6.753696468556506e-84 0.000000000000000e+00
5.907105426237604e-84 0.000000000000000e+00
5.166626392583774e-84 0.000000000000000e+00
4.518958292765183e-84 0.000000000000000e+00
3.952467134533502e-84 0.000000000000000e+00
3.456977044643895e-84 0.000000000000000e+00
3.023587494250731e-84 0.000000000000000e+00
2.644513430624520e-84 0.000000000000000e+00
2.312945443921964e-84 0.000000000000000e+00
2.022927457560977e-84 0.000000000000000e+00
1.769249745469893e-84 0.000000000000000e+00
1.547355354746476e-84 0.000000000000000e+00
1.353258253021089e-84 0.000000000000000e+00
1.183471730393119e-84 0.000000000000000e+00
1.034945769982096e-84 0.000000000000000e+00
9.050122622122487e-85 0.000000000000000e+00
7.913370788244292e-85 0.000000000000000e+00
6.918781458121186e-85 0.000000000000000e+00
6.048487622213730e-85 0.000000000000000e+00
5.286855059729262e-85 0.000000000000000e+00
4.620201502503252e-85 0.000000000000000e+00
4.036550860305275e-85 0.000000000000000e+00
3.525418093064698e-85 0.000000000000000e+00
3.077620865956823e-85 0.000000000000000e+00
2.685114604336343e-85 0.000000000000000e+00
2.340847985791077e-85 0.000000000000000e+00
2.038636273662915e-85 0.000000000000000e+00
1.773050216837571e-85 0.000000000000000e+00
1.539318520195155e-85 0.000000000000000e+00
1.333242133861280e-85 0.000000000000000e+00
1.151118821680964e-85 0.000000000000000e+00
9.896766539677068e-86 0.000000000000000e+00
8.460152298736118e-86 0.000000000000000e+00
7.175535735622470e-86 0.000000000000000e+00
6.019837682375765e-86 0.000000000000000e+00
4.972294951425794e-86 0.000000000000000e+00
4.014087327411131e-86 0.000000000000000e+00
3.127999460183715e-86 0.000000000000000e+00
2.298111585209178e-86 0.000000000000000e+00
1.509513515324955e-86 0.000000000000000e+00
7.480367657643441e-87 0.000000000000000e+00
