1.000000000000000e-01 -1.807752160150563e+01 
2.000000000000000e-01 -8.262317761139501e+00 
3.000000000000000e-01 -5.090096145771986e+00 
4.000000000000000e-01 -3.564271717464625e+00 
5.000000000000000e-01 -2.687734223015361e+00 
6.000000000000001e-01 -2.129599003541772e+00 
7.000000000000001e-01 -1.749086795812355e+00 
8.000000000000000e-01 -1.476534857719021e+00 
9.000000000000000e-01 -1.273763573930613e+00 
1.000000000000000e+00 -1.118244590376635e+00 
1.100000000000000e+00 -9.959202939116778e-01 
1.200000000000000e+00 -8.976252378907270e-01 
1.300000000000000e+00 -8.171679305720879e-01 
1.400000000000000e+00 -7.502412495088693e-01 
1.500000000000000e+00 -6.937736171628149e-01 
1.600000000000000e+00 -6.455272167047107e-01 
1.700000000000000e+00 -6.038408504801024e-01 
1.800000000000000e+00 -5.674606762031178e-01 
1.900000000000000e+00 -5.354260507662414e-01 
2.000000000000000e+00 -5.069908915766691e-01 
2.100000000000000e+00 -4.815684835927933e-01 
2.200000000000000e+00 -4.586920926830487e-01 
2.300000000000000e+00 -4.379864360906999e-01 
2.400000000000000e+00 -4.191467360616368e-01 
2.500000000000000e+00 -4.019231501546661e-01 
2.600000000000000e+00 -3.861090660497359e-01 
2.700000000000000e+00 -3.715322086864639e-01 
2.800000000000000e+00 -3.580478175020856e-01 
2.900000000000000e+00 -3.455333635579478e-01 
3.000000000000000e+00 -3.338844234072338e-01 
3.100000000000000e+00 -3.230114298686748e-01 
3.200000000000000e+00 -3.128370933005137e-01 
3.300000000000000e+00 -3.032943397252482e-01 
3.400000000000000e+00 -2.943246504397980e-01 
3.500000000000000e+00 -2.858767157873366e-01 
3.600000000000000e+00 -2.779053364856475e-01 
3.700000000000000e+00 -2.703705213401568e-01 
3.800000000000000e+00 -2.632367417546199e-01 
3.900000000000000e+00 -2.564723122117792e-01 
4.000000000000000e+00 -2.500488725650367e-01 
4.100000000000001e+00 -2.439409530926639e-01 
4.200000000000000e+00 -2.381256072070384e-01 
4.300000000000000e+00 -2.325820997687828e-01 
4.400000000000000e+00 -2.272916413413558e-01 
4.500000000000000e+00 -2.222371605935744e-01 
4.600000000000001e+00 -2.174031085342999e-01 
4.700000000000000e+00 -2.127752894346311e-01 
4.800000000000001e+00 -2.083407142263779e-01 
4.900000000000000e+00 -2.040874729132741e-01 
5.000000000000000e+00 -2.000046231331468e-01 
5.100000000000001e+00 -1.960820924958686e-01 
5.200000000000000e+00 -1.923105927171878e-01 
5.300000000000001e+00 -1.886815438910535e-01 
5.400000000000000e+00 -1.851870075073534e-01 
5.500000000000000e+00 -1.818196270394921e-01 
5.600000000000001e+00 -1.785725751059810e-01 
5.700000000000000e+00 -1.754395063593446e-01 
5.800000000000001e+00 -1.724145153798687e-01 
5.900000000000000e+00 -1.694920989555873e-01 
6.000000000000000e+00 -1.666671222170710e-01 
6.100000000000001e+00 -1.639347881690064e-01 
6.200000000000000e+00 -1.612906102226145e-01 
6.300000000000001e+00 -1.587303873855900e-01 
6.400000000000000e+00 -1.562501818110292e-01 
6.500000000000000e+00 -1.538462984450477e-01 
6.600000000000001e+00 -1.515152665455224e-01 
6.700000000000000e+00 -1.492538228725077e-01 
6.800000000000001e+00 -1.470588963750913e-01 
6.900000000000000e+00 -1.449275942203672e-01 
7.000000000000000e+00 -1.428571890283180e-01 
7.100000000000001e+00 -1.408451071921218e-01 
7.200000000000000e+00 -1.388889181770920e-01 
7.300000000000001e+00 -1.369863247033955e-01 
7.400000000000000e+00 -1.351351537281476e-01 
7.500000000000000e+00 -1.333333481516320e-01 
7.600000000000001e+00 -1.315789591804402e-01 
7.700000000000000e+00 -1.298701392874024e-01 
7.800000000000001e+00 -1.282051357144271e-01 
7.900000000000000e+00 -1.265822844698846e-01 
8.000000000000000e+00 -1.250000047770552e-01 
8.100000000000000e+00 -1.234567939344955e-01 
8.200000000000001e+00 -1.219512225530287e-01 
8.300000000000001e+00 -1.204819301374900e-01 
8.400000000000000e+00 -1.190476209844132e-01 
8.500000000000000e+00 -1.176470603695738e-01 
8.600000000000000e+00 -1.162790710017414e-01 
8.700000000000001e+00 -1.149425297211804e-01 
8.800000000000001e+00 -1.136363644233960e-01 
8.900000000000000e+00 -1.123595511903819e-01 
9.000000000000000e+00 -1.111111116132097e-01 
9.100000000000000e+00 -1.098901102912243e-01 
9.200000000000001e+00 -1.086956524943923e-01 
9.300000000000001e+00 -1.075268819765144e-01 
9.400000000000000e+00 -1.063829789280563e-01 
9.500000000000000e+00 -1.052631580583049e-01 
9.600000000000001e+00 -1.041666667974128e-01 
9.700000000000001e+00 -1.030927836096764e-01 
9.800000000000001e+00 -1.020408164100968e-01 
9.900000000000000e+00 -1.010101010769199e-01 
1.000000000000000e+01 -1.000000000534334e-01 
1.010000000000000e+01 -9.900990103283260e-02 
1.020000000000000e+01 -9.803921572045426e-02 
1.030000000000000e+01 -9.708737866811741e-02 
1.040000000000000e+01 -9.615384617571833e-02 
1.050000000000000e+01 -9.523809525559428e-02 
1.060000000000000e+01 -9.433962265551096e-02 
1.070000000000000e+01 -9.345794393643772e-02 
1.080000000000000e+01 -9.259259260155892e-02 
1.090000000000000e+01 -9.174311927323116e-02 
1.100000000000000e+01 -9.090909091483473e-02 
1.110000000000000e+01 -9.009009009468787e-02 
1.120000000000000e+01 -8.928571428939498e-02 
1.130000000000000e+01 -8.849557522418572e-02 
1.140000000000000e+01 -8.771929824797343e-02 
1.150000000000000e+01 -8.695652174101967e-02 
1.160000000000000e+01 -8.620689655323702e-02 
1.170000000000000e+01 -8.547008547129704e-02 
1.180000000000000e+01 -8.474576271283478e-02 
1.190000000000000e+01 -8.403361344615538e-02 
1.200000000000000e+01 -8.333333333395591e-02 
1.210000000000000e+01 -8.264462809967228e-02 
1.220000000000000e+01 -8.196721311515365e-02 
1.230000000000000e+01 -8.130081300845018e-02 
1.240000000000000e+01 -8.064516129057905e-02 
1.250000000000000e+01 -8.000000000020552e-02 
1.260000000000000e+01 -7.936507936524406e-02 
1.270000000000000e+01 -7.874015748044694e-02 
1.280000000000000e+01 -7.812500000010578e-02 
1.290000000000000e+01 -7.751937984504600e-02 
1.300000000000000e+01 -7.692307692314487e-02 
1.310000000000000e+01 -7.633587786264989e-02 
1.320000000000000e+01 -7.575757575761942e-02 
1.330000000000000e+01 -7.518796992484704e-02 
1.340000000000000e+01 -7.462686567166986e-02 
1.350000000000000e+01 -7.407407407409658e-02 
1.360000000000000e+01 -7.352941176472391e-02 
1.370000000000000e+01 -7.299270072994148e-02 
1.380000000000000e+01 -7.246376811595362e-02 
1.390000000000000e+01 -7.194244604317476e-02 
1.400000000000000e+01 -7.142857142857888e-02 
1.410000000000000e+01 -7.092198581560881e-02 
1.420000000000000e+01 -7.042253521127240e-02 
1.430000000000000e+01 -6.993006993007378e-02 
1.440000000000000e+01 -6.944444444444753e-02 
1.450000000000000e+01 -6.896551724138179e-02 
1.460000000000000e+01 -6.849315068493349e-02 
1.470000000000000e+01 -6.802721088435534e-02 
1.480000000000000e+01 -6.756756756756883e-02 
1.490000000000000e+01 -6.711409395973257e-02 
1.500000000000000e+01 -6.666666666666750e-02 
1.510000000000000e+01 -6.622516556291456e-02 
1.520000000000000e+01 -6.578947368421105e-02 
1.530000000000000e+01 -6.535947712418343e-02 
1.540000000000000e+01 -6.493506493506528e-02 
1.550000000000000e+01 -6.451612903225834e-02 
1.560000000000000e+01 -6.410256410256431e-02 
1.570000000000000e+01 -6.369426751592373e-02 
1.580000000000000e+01 -6.329113924050647e-02 
1.590000000000000e+01 -6.289308176100640e-02 
1.600000000000000e+01 -6.250000000000010e-02 
1.610000000000000e+01 -6.211180124223609e-02 
1.620000000000000e+01 -6.172839506172845e-02 
1.630000000000000e+01 -6.134969325153378e-02 
1.640000000000000e+01 -6.097560975609759e-02 
1.650000000000000e+01 -6.060606060606064e-02 
1.660000000000000e+01 -6.024096385542171e-02 
1.670000000000000e+01 -5.988023952095810e-02 
1.680000000000000e+01 -5.952380952380953e-02 
1.690000000000000e+01 -5.917159763313610e-02 
1.700000000000000e+01 -5.882352941176472e-02 
1.710000000000000e+01 -5.847953216374270e-02 
1.720000000000000e+01 -5.813953488372094e-02 
1.730000000000000e+01 -5.780346820809248e-02 
1.740000000000000e+01 -5.747126436781608e-02 
1.750000000000000e+01 -5.714285714285714e-02 
1.760000000000000e+01 -5.681818181818182e-02 
1.770000000000000e+01 -5.649717514124294e-02 
1.780000000000000e+01 -5.617977528089887e-02 
1.790000000000000e+01 -5.586592178770949e-02 
1.800000000000000e+01 -5.555555555555555e-02 
1.810000000000000e+01 -5.524861878453038e-02 
1.820000000000000e+01 -5.494505494505494e-02 
1.830000000000000e+01 -5.464480874316940e-02 
1.840000000000000e+01 -5.434782608695651e-02 
1.850000000000000e+01 -5.405405405405406e-02 
1.860000000000000e+01 -5.376344086021505e-02 
1.870000000000000e+01 -5.347593582887700e-02 
1.880000000000000e+01 -5.319148936170213e-02 
1.890000000000000e+01 -5.291005291005291e-02 
1.900000000000000e+01 -5.263157894736842e-02 
1.910000000000000e+01 -5.235602094240837e-02 
1.920000000000000e+01 -5.208333333333333e-02 
1.930000000000000e+01 -5.181347150259067e-02 
1.940000000000000e+01 -5.154639175257732e-02 
1.950000000000000e+01 -5.128205128205128e-02 
1.960000000000000e+01 -5.102040816326530e-02 
1.970000000000000e+01 -5.076142131979695e-02 
1.980000000000000e+01 -5.050505050505050e-02 
1.990000000000000e+01 -5.025125628140703e-02 
2.000000000000000e+01 -5.000000000000000e-02 
2.010000000000000e+01 -4.975124378109452e-02 
2.020000000000000e+01 -4.950495049504950e-02 
2.030000000000000e+01 -4.926108374384236e-02 
2.040000000000000e+01 -4.901960784313725e-02 
2.050000000000000e+01 -4.878048780487805e-02 
2.060000000000000e+01 -4.854368932038835e-02 
2.070000000000000e+01 -4.830917874396135e-02 
2.080000000000000e+01 -4.807692307692307e-02 
2.090000000000000e+01 -4.784688995215310e-02 
2.100000000000000e+01 -4.761904761904762e-02 
2.110000000000000e+01 -4.739336492890995e-02 
2.120000000000000e+01 -4.716981132075471e-02 
2.130000000000000e+01 -4.694835680751173e-02 
2.140000000000000e+01 -4.672897196261682e-02 
2.150000000000000e+01 -4.651162790697674e-02 
2.160000000000000e+01 -4.629629629629629e-02 
2.170000000000000e+01 -4.608294930875576e-02 
2.180000000000000e+01 -4.587155963302752e-02 
2.190000000000000e+01 -4.566210045662100e-02 
2.200000000000000e+01 -4.545454545454546e-02 
2.210000000000000e+01 -4.524886877828054e-02 
2.220000000000000e+01 -4.504504504504504e-02 
2.230000000000000e+01 -4.484304932735426e-02 
2.240000000000000e+01 -4.464285714285714e-02 
2.250000000000000e+01 -4.444444444444445e-02 
2.260000000000000e+01 -4.424778761061947e-02 
2.270000000000000e+01 -4.405286343612334e-02 
2.280000000000000e+01 -4.385964912280702e-02 
2.290000000000000e+01 -4.366812227074236e-02 
2.300000000000000e+01 -4.347826086956522e-02 
2.310000000000000e+01 -4.329004329004329e-02 
2.320000000000000e+01 -4.310344827586206e-02 
2.330000000000000e+01 -4.291845493562232e-02 
2.340000000000000e+01 -4.273504273504273e-02 
2.350000000000000e+01 -4.255319148936170e-02 
2.360000000000000e+01 -4.237288135593220e-02 
2.370000000000000e+01 -4.219409282700422e-02 
2.380000000000000e+01 -4.201680672268907e-02 
2.390000000000000e+01 -4.184100418410042e-02 
2.400000000000000e+01 -4.166666666666666e-02 
2.410000000000000e+01 -4.149377593360996e-02 
2.420000000000000e+01 -4.132231404958677e-02 
2.430000000000000e+01 -4.115226337448560e-02 
2.440000000000000e+01 -4.098360655737705e-02 
2.450000000000000e+01 -4.081632653061224e-02 
2.460000000000000e+01 -4.065040650406504e-02 
2.470000000000000e+01 -4.048582995951416e-02 
2.480000000000000e+01 -4.032258064516129e-02 
2.490000000000000e+01 -4.016064257028112e-02 
2.500000000000000e+01 -4.000000000000000e-02 
2.510000000000000e+01 -3.984063745019920e-02 
2.520000000000000e+01 -3.968253968253968e-02 
2.530000000000000e+01 -3.952569169960474e-02 
2.540000000000000e+01 -3.937007874015748e-02 
2.550000000000000e+01 -3.921568627450980e-02 
2.560000000000000e+01 -3.906250000000000e-02 
2.570000000000000e+01 -3.891050583657587e-02 
2.580000000000000e+01 -3.875968992248062e-02 
2.590000000000000e+01 -3.861003861003861e-02 
2.600000000000000e+01 -3.846153846153846e-02 
2.610000000000000e+01 -3.831417624521073e-02 
2.620000000000000e+01 -3.816793893129770e-02 
2.630000000000000e+01 -3.802281368821293e-02 
2.640000000000000e+01 -3.787878787878787e-02 
2.650000000000000e+01 -3.773584905660377e-02 
2.660000000000000e+01 -3.759398496240601e-02 
2.670000000000000e+01 -3.745318352059925e-02 
2.680000000000000e+01 -3.731343283582089e-02 
2.690000000000000e+01 -3.717472118959107e-02 
2.700000000000000e+01 -3.703703703703703e-02 
2.710000000000000e+01 -3.690036900369004e-02 
2.720000000000000e+01 -3.676470588235294e-02 
2.730000000000000e+01 -3.663003663003663e-02 
2.740000000000000e+01 -3.649635036496350e-02 
2.750000000000000e+01 -3.636363636363636e-02 
2.760000000000000e+01 -3.623188405797102e-02 
2.770000000000000e+01 -3.610108303249097e-02 
2.780000000000000e+01 -3.597122302158273e-02 
2.790000000000000e+01 -3.584229390681003e-02 
2.800000000000000e+01 -3.571428571428571e-02 
2.810000000000000e+01 -3.558718861209964e-02 
2.820000000000000e+01 -3.546099290780141e-02 
2.830000000000000e+01 -3.533568904593640e-02 
2.840000000000000e+01 -3.521126760563380e-02 
2.850000000000000e+01 -3.508771929824561e-02 
2.860000000000000e+01 -3.496503496503496e-02 
2.870000000000000e+01 -3.484320557491289e-02 
2.880000000000000e+01 -3.472222222222222e-02 
2.890000000000000e+01 -3.460207612456747e-02 
2.900000000000000e+01 -3.448275862068965e-02 
2.910000000000000e+01 -3.436426116838488e-02 
2.920000000000000e+01 -3.424657534246575e-02 
2.930000000000000e+01 -3.412969283276451e-02 
2.940000000000000e+01 -3.401360544217687e-02 
2.950000000000000e+01 -3.389830508474576e-02 
2.960000000000000e+01 -3.378378378378378e-02 
2.970000000000000e+01 -3.367003367003367e-02 
2.980000000000000e+01 -3.355704697986577e-02 
2.990000000000000e+01 -3.344481605351170e-02 
3.000000000000000e+01 -3.333333333333333e-02 
3.010000000000000e+01 -3.322259136212624e-02 
3.020000000000000e+01 -3.311258278145695e-02 
3.030000000000000e+01 -3.300330033003300e-02 
3.040000000000000e+01 -3.289473684210526e-02 
3.050000000000000e+01 -3.278688524590164e-02 
3.060000000000000e+01 -3.267973856209151e-02 
3.070000000000000e+01 -3.257328990228012e-02 
3.080000000000000e+01 -3.246753246753246e-02 
3.090000000000000e+01 -3.236245954692556e-02 
3.100000000000000e+01 -3.225806451612903e-02 
3.110000000000000e+01 -3.215434083601286e-02 
3.120000000000000e+01 -3.205128205128205e-02 
3.130000000000000e+01 -3.194888178913738e-02 
3.140000000000000e+01 -3.184713375796178e-02 
3.150000000000000e+01 -3.174603174603174e-02 
3.160000000000000e+01 -3.164556962025316e-02 
3.170000000000000e+01 -3.154574132492113e-02 
3.180000000000000e+01 -3.144654088050314e-02 
3.190000000000000e+01 -3.134796238244514e-02 
3.200000000000000e+01 -3.125000000000000e-02 
3.210000000000000e+01 -3.115264797507788e-02 
3.220000000000000e+01 -3.105590062111801e-02 
3.230000000000000e+01 -3.095975232198142e-02 
3.240000000000000e+01 -3.086419753086420e-02 
3.250000000000000e+01 -3.076923076923077e-02 
3.260000000000000e+01 -3.067484662576687e-02 
3.270000000000000e+01 -3.058103975535168e-02 
3.280000000000000e+01 -3.048780487804878e-02 
3.290000000000000e+01 -3.039513677811550e-02 
3.300000000000000e+01 -3.030303030303030e-02 
3.310000000000000e+01 -3.021148036253776e-02 
3.320000000000000e+01 -3.012048192771084e-02 
3.330000000000000e+01 -3.003003003003003e-02 
3.340000000000000e+01 -2.994011976047904e-02 
3.350000000000000e+01 -2.985074626865672e-02 
3.360000000000000e+01 -2.976190476190476e-02 
3.370000000000000e+01 -2.967359050445104e-02 
3.380000000000000e+01 -2.958579881656804e-02 
3.390000000000000e+01 -2.949852507374631e-02 
3.400000000000000e+01 -2.941176470588235e-02 
3.410000000000000e+01 -2.932551319648094e-02 
3.420000000000000e+01 -2.923976608187134e-02 
3.430000000000000e+01 -2.915451895043731e-02 
3.440000000000000e+01 -2.906976744186046e-02 
3.450000000000000e+01 -2.898550724637681e-02 
3.460000000000000e+01 -2.890173410404624e-02 
3.470000000000000e+01 -2.881844380403458e-02 
3.480000000000000e+01 -2.873563218390804e-02 
3.490000000000000e+01 -2.865329512893983e-02 
3.500000000000000e+01 -2.857142857142857e-02 
3.510000000000000e+01 -2.849002849002849e-02 
3.520000000000000e+01 -2.840909090909091e-02 
3.530000000000000e+01 -2.832861189801699e-02 
3.540000000000000e+01 -2.824858757062147e-02 
3.550000000000000e+01 -2.816901408450704e-02 
3.560000000000000e+01 -2.808988764044944e-02 
3.570000000000000e+01 -2.801120448179271e-02 
3.580000000000000e+01 -2.793296089385475e-02 
3.590000000000000e+01 -2.785515320334262e-02 
3.600000000000000e+01 -2.777777777777778e-02 
3.610000000000000e+01 -2.770083102493075e-02 
3.620000000000000e+01 -2.762430939226519e-02 
3.630000000000000e+01 -2.754820936639118e-02 
3.640000000000000e+01 -2.747252747252747e-02 
3.650000000000000e+01 -2.739726027397260e-02 
3.660000000000000e+01 -2.732240437158470e-02 
3.670000000000000e+01 -2.724795640326975e-02 
3.680000000000000e+01 -2.717391304347826e-02 
3.690000000000000e+01 -2.710027100271003e-02 
3.700000000000000e+01 -2.702702702702703e-02 
3.710000000000000e+01 -2.695417789757412e-02 
3.720000000000000e+01 -2.688172043010752e-02 
3.730000000000000e+01 -2.680965147453083e-02 
3.740000000000000e+01 -2.673796791443850e-02 
3.750000000000000e+01 -2.666666666666667e-02 
3.760000000000000e+01 -2.659574468085106e-02 
3.770000000000000e+01 -2.652519893899204e-02 
3.780000000000000e+01 -2.645502645502645e-02 
3.790000000000000e+01 -2.638522427440633e-02 
3.800000000000000e+01 -2.631578947368421e-02 
3.810000000000000e+01 -2.624671916010499e-02 
3.820000000000000e+01 -2.617801047120418e-02 
3.830000000000000e+01 -2.610966057441253e-02 
3.840000000000001e+01 -2.604166666666666e-02 
3.850000000000000e+01 -2.597402597402598e-02 
3.860000000000000e+01 -2.590673575129534e-02 
3.870000000000000e+01 -2.583979328165375e-02 
3.880000000000000e+01 -2.577319587628866e-02 
3.890000000000001e+01 -2.570694087403599e-02 
3.900000000000000e+01 -2.564102564102564e-02 
3.910000000000000e+01 -2.557544757033248e-02 
3.920000000000000e+01 -2.551020408163265e-02 
3.930000000000000e+01 -2.544529262086514e-02 
3.940000000000001e+01 -2.538071065989847e-02 
3.950000000000000e+01 -2.531645569620253e-02 
3.960000000000000e+01 -2.525252525252525e-02 
3.970000000000000e+01 -2.518891687657430e-02 
3.980000000000000e+01 -2.512562814070352e-02 
3.990000000000001e+01 -2.506265664160401e-02 
4.000000000000000e+01 -2.500000000000000e-02 
4.010000000000000e+01 -2.493765586034912e-02 
4.020000000000000e+01 -2.487562189054726e-02 
4.030000000000000e+01 -2.481389578163772e-02 
4.040000000000001e+01 -2.475247524752475e-02 
4.050000000000000e+01 -2.469135802469136e-02 
4.060000000000000e+01 -2.463054187192118e-02 
4.070000000000000e+01 -2.457002457002457e-02 
4.080000000000000e+01 -2.450980392156862e-02 
4.090000000000001e+01 -2.444987775061125e-02 
4.100000000000000e+01 -2.439024390243903e-02 
4.110000000000000e+01 -2.433090024330900e-02 
4.120000000000000e+01 -2.427184466019417e-02 
4.130000000000000e+01 -2.421307506053268e-02 
4.140000000000001e+01 -2.415458937198067e-02 
4.150000000000000e+01 -2.409638554216868e-02 
4.160000000000000e+01 -2.403846153846154e-02 
4.170000000000000e+01 -2.398081534772182e-02 
4.180000000000000e+01 -2.392344497607655e-02 
4.190000000000001e+01 -2.386634844868735e-02 
4.200000000000000e+01 -2.380952380952381e-02 
4.210000000000000e+01 -2.375296912114014e-02 
4.220000000000000e+01 -2.369668246445497e-02 
4.230000000000000e+01 -2.364066193853427e-02 
4.240000000000001e+01 -2.358490566037736e-02 
4.250000000000000e+01 -2.352941176470588e-02 
4.260000000000000e+01 -2.347417840375587e-02 
4.270000000000000e+01 -2.341920374707260e-02 
4.280000000000000e+01 -2.336448598130841e-02 
4.290000000000001e+01 -2.331002331002331e-02 
4.300000000000000e+01 -2.325581395348837e-02 
4.310000000000000e+01 -2.320185614849188e-02 
4.320000000000000e+01 -2.314814814814815e-02 
4.330000000000000e+01 -2.309468822170900e-02 
4.340000000000001e+01 -2.304147465437788e-02 
4.350000000000000e+01 -2.298850574712644e-02 
4.360000000000000e+01 -2.293577981651376e-02 
4.370000000000000e+01 -2.288329519450801e-02 
4.380000000000000e+01 -2.283105022831050e-02 
4.390000000000001e+01 -2.277904328018223e-02 
4.400000000000000e+01 -2.272727272727273e-02 
4.410000000000000e+01 -2.267573696145125e-02 
4.420000000000000e+01 -2.262443438914027e-02 
4.430000000000000e+01 -2.257336343115124e-02 
4.440000000000001e+01 -2.252252252252252e-02 
4.450000000000000e+01 -2.247191011235955e-02 
4.460000000000000e+01 -2.242152466367713e-02 
4.470000000000000e+01 -2.237136465324385e-02 
4.480000000000000e+01 -2.232142857142857e-02 
4.490000000000001e+01 -2.227171492204899e-02 
4.500000000000000e+01 -2.222222222222222e-02 
4.510000000000000e+01 -2.217294900221729e-02 
4.520000000000000e+01 -2.212389380530973e-02 
4.530000000000000e+01 -2.207505518763797e-02 
4.540000000000001e+01 -2.202643171806167e-02 
4.550000000000000e+01 -2.197802197802198e-02 
4.560000000000000e+01 -2.192982456140351e-02 
4.570000000000000e+01 -2.188183807439825e-02 
4.580000000000000e+01 -2.183406113537118e-02 
4.590000000000001e+01 -2.178649237472767e-02 
4.600000000000000e+01 -2.173913043478261e-02 
4.610000000000000e+01 -2.169197396963124e-02 
4.620000000000000e+01 -2.164502164502164e-02 
4.630000000000000e+01 -2.159827213822894e-02 
4.640000000000001e+01 -2.155172413793103e-02 
4.650000000000000e+01 -2.150537634408602e-02 
4.660000000000000e+01 -2.145922746781116e-02 
4.670000000000000e+01 -2.141327623126338e-02 
4.680000000000000e+01 -2.136752136752136e-02 
4.690000000000001e+01 -2.132196162046908e-02 
4.700000000000000e+01 -2.127659574468085e-02 
4.710000000000000e+01 -2.123142250530785e-02 
4.720000000000000e+01 -2.118644067796610e-02 
4.730000000000000e+01 -2.114164904862579e-02 
4.740000000000001e+01 -2.109704641350211e-02 
4.750000000000000e+01 -2.105263157894737e-02 
4.760000000000000e+01 -2.100840336134454e-02 
4.770000000000000e+01 -2.096436058700209e-02 
4.780000000000000e+01 -2.092050209205021e-02 
4.790000000000001e+01 -2.087682672233820e-02 
4.800000000000000e+01 -2.083333333333333e-02 
4.810000000000000e+01 -2.079002079002079e-02 
4.820000000000000e+01 -2.074688796680498e-02 
4.830000000000000e+01 -2.070393374741201e-02 
4.840000000000001e+01 -2.066115702479339e-02 
4.850000000000000e+01 -2.061855670103093e-02 
4.860000000000000e+01 -2.057613168724280e-02 
4.870000000000000e+01 -2.053388090349076e-02 
4.880000000000000e+01 -2.049180327868852e-02 
4.890000000000001e+01 -2.044989775051125e-02 
4.900000000000000e+01 -2.040816326530612e-02 
4.910000000000000e+01 -2.036659877800407e-02 
4.920000000000000e+01 -2.032520325203252e-02 
4.930000000000000e+01 -2.028397565922921e-02 
4.940000000000001e+01 -2.024291497975708e-02 
4.950000000000000e+01 -2.020202020202020e-02 
4.960000000000000e+01 -2.016129032258064e-02 
4.970000000000000e+01 -2.012072434607646e-02 
4.980000000000000e+01 -2.008032128514056e-02 
4.990000000000001e+01 -2.004008016032064e-02 
5.000000000000000e+01 -2.000000000000000e-02 
5.010000000000000e+01 -1.996007984031936e-02 
5.020000000000000e+01 -1.992031872509960e-02 
5.030000000000000e+01 -1.988071570576540e-02 
5.040000000000001e+01 -1.984126984126984e-02 
5.050000000000000e+01 -1.980198019801980e-02 
5.060000000000000e+01 -1.976284584980237e-02 
5.070000000000000e+01 -1.972386587771203e-02 
5.080000000000000e+01 -1.968503937007874e-02 
5.090000000000001e+01 -1.964636542239686e-02 
5.100000000000000e+01 -1.960784313725490e-02 
5.110000000000000e+01 -1.956947162426614e-02 
5.120000000000000e+01 -1.953125000000000e-02 
5.130000000000000e+01 -1.949317738791423e-02 
5.140000000000001e+01 -1.945525291828793e-02 
5.150000000000000e+01 -1.941747572815534e-02 
5.160000000000000e+01 -1.937984496124031e-02 
5.170000000000000e+01 -1.934235976789168e-02 
5.180000000000000e+01 -1.930501930501930e-02 
5.190000000000001e+01 -1.926782273603083e-02 
5.200000000000000e+01 -1.923076923076923e-02 
5.210000000000000e+01 -1.919385796545105e-02 
5.220000000000000e+01 -1.915708812260536e-02 
5.230000000000000e+01 -1.912045889101338e-02 
5.240000000000001e+01 -1.908396946564885e-02 
5.250000000000000e+01 -1.904761904761905e-02 
5.260000000000000e+01 -1.901140684410646e-02 
5.270000000000000e+01 -1.897533206831119e-02 
5.280000000000000e+01 -1.893939393939394e-02 
5.290000000000001e+01 -1.890359168241966e-02 
5.300000000000000e+01 -1.886792452830189e-02 
5.310000000000000e+01 -1.883239171374764e-02 
5.320000000000000e+01 -1.879699248120301e-02 
5.330000000000000e+01 -1.876172607879925e-02 
5.340000000000001e+01 -1.872659176029962e-02 
5.350000000000000e+01 -1.869158878504673e-02 
5.360000000000000e+01 -1.865671641791045e-02 
5.370000000000000e+01 -1.862197392923650e-02 
5.380000000000000e+01 -1.858736059479554e-02 
5.390000000000001e+01 -1.855287569573284e-02 
5.400000000000000e+01 -1.851851851851852e-02 
5.410000000000000e+01 -1.848428835489833e-02 
5.420000000000000e+01 -1.845018450184502e-02 
5.430000000000000e+01 -1.841620626151013e-02 
5.440000000000001e+01 -1.838235294117647e-02 
5.450000000000000e+01 -1.834862385321101e-02 
5.460000000000000e+01 -1.831501831501832e-02 
5.470000000000000e+01 -1.828153564899452e-02 
5.480000000000000e+01 -1.824817518248175e-02 
5.490000000000001e+01 -1.821493624772313e-02 
5.500000000000000e+01 -1.818181818181818e-02 
5.510000000000000e+01 -1.814882032667877e-02 
5.520000000000000e+01 -1.811594202898551e-02 
5.530000000000000e+01 -1.808318264014466e-02 
5.540000000000001e+01 -1.805054151624549e-02 
5.550000000000000e+01 -1.801801801801802e-02 
5.560000000000000e+01 -1.798561151079137e-02 
5.570000000000000e+01 -1.795332136445242e-02 
5.580000000000000e+01 -1.792114695340502e-02 
5.590000000000001e+01 -1.788908765652952e-02 
5.600000000000000e+01 -1.785714285714286e-02 
5.610000000000000e+01 -1.782531194295900e-02 
5.620000000000000e+01 -1.779359430604982e-02 
5.630000000000000e+01 -1.776198934280639e-02 
5.640000000000001e+01 -1.773049645390071e-02 
5.650000000000000e+01 -1.769911504424779e-02 
5.660000000000000e+01 -1.766784452296820e-02 
5.670000000000000e+01 -1.763668430335097e-02 
5.680000000000000e+01 -1.760563380281690e-02 
5.690000000000001e+01 -1.757469244288225e-02 
5.700000000000000e+01 -1.754385964912281e-02 
5.710000000000000e+01 -1.751313485113835e-02 
5.720000000000000e+01 -1.748251748251748e-02 
5.730000000000000e+01 -1.745200698080279e-02 
5.740000000000001e+01 -1.742160278745645e-02 
5.750000000000000e+01 -1.739130434782609e-02 
5.760000000000000e+01 -1.736111111111111e-02 
5.770000000000000e+01 -1.733102253032929e-02 
5.780000000000000e+01 -1.730103806228373e-02 
5.790000000000001e+01 -1.727115716753022e-02 
5.800000000000000e+01 -1.724137931034483e-02 
5.810000000000000e+01 -1.721170395869191e-02 
5.820000000000000e+01 -1.718213058419244e-02 
5.830000000000000e+01 -1.715265866209262e-02 
5.840000000000001e+01 -1.712328767123288e-02 
5.850000000000000e+01 -1.709401709401710e-02 
5.860000000000000e+01 -1.706484641638225e-02 
5.870000000000000e+01 -1.703577512776831e-02 
5.880000000000000e+01 -1.700680272108843e-02 
5.890000000000001e+01 -1.697792869269949e-02 
5.900000000000000e+01 -1.694915254237288e-02 
5.910000000000000e+01 -1.692047377326565e-02 
5.920000000000000e+01 -1.689189189189189e-02 
5.930000000000000e+01 -1.686340640809443e-02 
5.940000000000001e+01 -1.683501683501683e-02 
5.950000000000000e+01 -1.680672268907563e-02 
5.960000000000000e+01 -1.677852348993289e-02 
5.970000000000000e+01 -1.675041876046901e-02 
5.980000000000000e+01 -1.672240802675585e-02 
5.990000000000001e+01 -1.669449081803005e-02 
6.000000000000000e+01 -1.666666666666667e-02 
6.010000000000000e+01 -1.663893510815308e-02 
6.020000000000000e+01 -1.661129568106312e-02 
6.030000000000000e+01 -1.658374792703151e-02 
6.040000000000001e+01 -1.655629139072847e-02 
6.050000000000000e+01 -1.652892561983471e-02 
6.060000000000000e+01 -1.650165016501650e-02 
6.070000000000000e+01 -1.647446457990115e-02 
6.080000000000000e+01 -1.644736842105263e-02 
6.090000000000001e+01 -1.642036124794745e-02 
6.100000000000000e+01 -1.639344262295082e-02 
6.110000000000000e+01 -1.636661211129296e-02 
6.120000000000000e+01 -1.633986928104575e-02 
6.130000000000000e+01 -1.631321370309951e-02 
6.140000000000001e+01 -1.628664495114006e-02 
6.150000000000000e+01 -1.626016260162602e-02 
6.160000000000000e+01 -1.623376623376623e-02 
6.170000000000000e+01 -1.620745542949757e-02 
6.180000000000000e+01 -1.618122977346278e-02 
6.190000000000001e+01 -1.615508885298869e-02 
6.200000000000000e+01 -1.612903225806452e-02 
6.210000000000000e+01 -1.610305958132045e-02 
6.220000000000000e+01 -1.607717041800643e-02 
6.230000000000000e+01 -1.605136436597111e-02 
6.240000000000001e+01 -1.602564102564102e-02 
6.250000000000000e+01 -1.600000000000000e-02 
6.260000000000000e+01 -1.597444089456869e-02 
6.270000000000000e+01 -1.594896331738437e-02 
6.280000000000000e+01 -1.592356687898089e-02 
6.290000000000001e+01 -1.589825119236884e-02 
6.300000000000000e+01 -1.587301587301587e-02 
6.310000000000000e+01 -1.584786053882726e-02 
6.320000000000000e+01 -1.582278481012658e-02 
6.330000000000000e+01 -1.579778830963665e-02 
6.340000000000001e+01 -1.577287066246057e-02 
6.350000000000000e+01 -1.574803149606299e-02 
6.360000000000000e+01 -1.572327044025157e-02 
6.370000000000000e+01 -1.569858712715855e-02 
6.380000000000000e+01 -1.567398119122257e-02 
6.390000000000001e+01 -1.564945226917058e-02 
6.400000000000000e+01 -1.562500000000000e-02 
6.410000000000001e+01 -1.560062402496100e-02 
6.420000000000000e+01 -1.557632398753894e-02 
6.430000000000000e+01 -1.555209953343701e-02 
6.440000000000001e+01 -1.552795031055900e-02 
6.450000000000000e+01 -1.550387596899225e-02 
6.460000000000001e+01 -1.547987616099071e-02 
6.470000000000000e+01 -1.545595054095827e-02 
6.480000000000000e+01 -1.543209876543210e-02 
6.490000000000001e+01 -1.540832049306625e-02 
6.500000000000000e+01 -1.538461538461539e-02 
6.510000000000001e+01 -1.536098310291859e-02 
6.520000000000000e+01 -1.533742331288344e-02 
6.530000000000000e+01 -1.531393568147014e-02 
6.540000000000001e+01 -1.529051987767584e-02 
6.550000000000000e+01 -1.526717557251908e-02 
6.560000000000001e+01 -1.524390243902439e-02 
6.570000000000000e+01 -1.522070015220700e-02 
6.580000000000000e+01 -1.519756838905775e-02 
6.590000000000001e+01 -1.517450682852807e-02 
6.600000000000000e+01 -1.515151515151515e-02 
6.610000000000001e+01 -1.512859304084720e-02 
6.620000000000000e+01 -1.510574018126888e-02 
6.630000000000000e+01 -1.508295625942685e-02 
6.640000000000001e+01 -1.506024096385542e-02 
6.650000000000000e+01 -1.503759398496241e-02 
6.660000000000001e+01 -1.501501501501501e-02 
6.670000000000000e+01 -1.499250374812594e-02 
6.680000000000000e+01 -1.497005988023952e-02 
6.690000000000001e+01 -1.494768310911809e-02 
6.700000000000000e+01 -1.492537313432836e-02 
6.710000000000001e+01 -1.490312965722802e-02 
6.720000000000000e+01 -1.488095238095238e-02 
6.730000000000000e+01 -1.485884101040119e-02 
6.740000000000001e+01 -1.483679525222552e-02 
6.750000000000000e+01 -1.481481481481482e-02 
6.760000000000001e+01 -1.479289940828402e-02 
6.770000000000000e+01 -1.477104874446086e-02 
6.780000000000000e+01 -1.474926253687316e-02 
6.790000000000001e+01 -1.472754050073638e-02 
6.800000000000000e+01 -1.470588235294118e-02 
6.810000000000001e+01 -1.468428781204111e-02 
6.820000000000000e+01 -1.466275659824047e-02 
6.830000000000000e+01 -1.464128843338214e-02 
6.840000000000001e+01 -1.461988304093567e-02 
6.850000000000000e+01 -1.459854014598540e-02 
6.860000000000001e+01 -1.457725947521866e-02 
6.870000000000000e+01 -1.455604075691412e-02 
6.880000000000000e+01 -1.453488372093023e-02 
6.890000000000001e+01 -1.451378809869376e-02 
6.900000000000000e+01 -1.449275362318841e-02 
6.910000000000001e+01 -1.447178002894356e-02 
6.920000000000000e+01 -1.445086705202312e-02 
6.930000000000000e+01 -1.443001443001443e-02 
6.940000000000001e+01 -1.440922190201729e-02 
6.950000000000000e+01 -1.438848920863309e-02 
6.960000000000001e+01 -1.436781609195402e-02 
6.970000000000000e+01 -1.434720229555237e-02 
6.980000000000000e+01 -1.432664756446991e-02 
6.990000000000001e+01 -1.430615164520744e-02 
7.000000000000000e+01 -1.428571428571429e-02 
7.010000000000001e+01 -1.426533523537803e-02 
7.020000000000000e+01 -1.424501424501425e-02 
7.030000000000000e+01 -1.422475106685633e-02 
7.040000000000001e+01 -1.420454545454545e-02 
7.050000000000000e+01 -1.418439716312057e-02 
7.060000000000001e+01 -1.416430594900850e-02 
7.070000000000000e+01 -1.414427157001414e-02 
7.080000000000000e+01 -1.412429378531073e-02 
7.090000000000001e+01 -1.410437235543018e-02 
7.100000000000000e+01 -1.408450704225352e-02 
7.110000000000001e+01 -1.406469760900140e-02 
7.120000000000000e+01 -1.404494382022472e-02 
7.130000000000000e+01 -1.402524544179523e-02 
7.140000000000001e+01 -1.400560224089636e-02 
7.150000000000000e+01 -1.398601398601399e-02 
7.160000000000001e+01 -1.396648044692737e-02 
7.170000000000000e+01 -1.394700139470014e-02 
7.180000000000000e+01 -1.392757660167131e-02 
7.190000000000001e+01 -1.390820584144645e-02 
7.200000000000000e+01 -1.388888888888889e-02 
7.210000000000001e+01 -1.386962552011096e-02 
7.220000000000000e+01 -1.385041551246537e-02 
7.230000000000000e+01 -1.383125864453665e-02 
7.240000000000001e+01 -1.381215469613260e-02 
7.250000000000000e+01 -1.379310344827586e-02 
7.260000000000001e+01 -1.377410468319559e-02 
7.270000000000000e+01 -1.375515818431912e-02 
7.280000000000000e+01 -1.373626373626374e-02 
7.290000000000001e+01 -1.371742112482853e-02 
7.300000000000000e+01 -1.369863013698630e-02 
7.310000000000001e+01 -1.367989056087551e-02 
7.320000000000000e+01 -1.366120218579235e-02 
7.330000000000000e+01 -1.364256480218281e-02 
7.340000000000001e+01 -1.362397820163488e-02 
7.350000000000000e+01 -1.360544217687075e-02 
7.360000000000001e+01 -1.358695652173913e-02 
7.370000000000000e+01 -1.356852103120760e-02 
7.380000000000000e+01 -1.355013550135501e-02 
7.390000000000001e+01 -1.353179972936400e-02 
7.400000000000000e+01 -1.351351351351351e-02 
7.410000000000001e+01 -1.349527665317139e-02 
7.420000000000000e+01 -1.347708894878706e-02 
7.430000000000000e+01 -1.345895020188425e-02 
7.440000000000001e+01 -1.344086021505376e-02 
7.450000000000000e+01 -1.342281879194631e-02 
7.460000000000001e+01 -1.340482573726541e-02 
7.470000000000000e+01 -1.338688085676037e-02 
7.480000000000000e+01 -1.336898395721925e-02 
7.490000000000001e+01 -1.335113484646195e-02 
7.500000000000000e+01 -1.333333333333333e-02 
7.510000000000001e+01 -1.331557922769640e-02 
7.520000000000000e+01 -1.329787234042553e-02 
7.530000000000000e+01 -1.328021248339973e-02 
7.540000000000001e+01 -1.326259946949602e-02 
7.550000000000000e+01 -1.324503311258278e-02 
7.560000000000001e+01 -1.322751322751323e-02 
7.570000000000000e+01 -1.321003963011889e-02 
7.580000000000000e+01 -1.319261213720317e-02 
7.590000000000001e+01 -1.317523056653491e-02 
7.600000000000000e+01 -1.315789473684210e-02 
7.610000000000001e+01 -1.314060446780552e-02 
7.620000000000000e+01 -1.312335958005249e-02 
7.630000000000000e+01 -1.310615989515072e-02 
7.640000000000001e+01 -1.308900523560209e-02 
7.650000000000000e+01 -1.307189542483660e-02 
7.660000000000001e+01 -1.305483028720627e-02 
7.670000000000000e+01 -1.303780964797914e-02 
7.680000000000001e+01 -1.302083333333333e-02 
7.690000000000001e+01 -1.300390117035110e-02 
7.700000000000000e+01 -1.298701298701299e-02 
7.710000000000001e+01 -1.297016861219196e-02 
7.720000000000000e+01 -1.295336787564767e-02 
7.730000000000001e+01 -1.293661060802070e-02 
7.740000000000001e+01 -1.291989664082687e-02 
7.750000000000000e+01 -1.290322580645161e-02 
7.760000000000001e+01 -1.288659793814433e-02 
7.770000000000000e+01 -1.287001287001287e-02 
7.780000000000001e+01 -1.285347043701799e-02 
7.790000000000001e+01 -1.283697047496791e-02 
7.800000000000000e+01 -1.282051282051282e-02 
7.810000000000001e+01 -1.280409731113956e-02 
7.820000000000000e+01 -1.278772378516624e-02 
7.830000000000001e+01 -1.277139208173691e-02 
7.840000000000001e+01 -1.275510204081633e-02 
7.850000000000000e+01 -1.273885350318471e-02 
7.860000000000001e+01 -1.272264631043257e-02 
7.870000000000000e+01 -1.270648030495553e-02 
7.880000000000001e+01 -1.269035532994924e-02 
7.890000000000001e+01 -1.267427122940431e-02 
7.900000000000000e+01 -1.265822784810127e-02 
7.910000000000001e+01 -1.264222503160556e-02 
7.920000000000000e+01 -1.262626262626263e-02 
7.930000000000001e+01 -1.261034047919294e-02 
7.940000000000001e+01 -1.259445843828715e-02 
7.950000000000000e+01 -1.257861635220126e-02 
7.960000000000001e+01 -1.256281407035176e-02 
7.970000000000000e+01 -1.254705144291092e-02 
7.980000000000001e+01 -1.253132832080200e-02 
7.990000000000001e+01 -1.251564455569462e-02 
8.000000000000000e+01 -1.250000000000000e-02 
8.010000000000001e+01 -1.248439450686642e-02 
8.020000000000000e+01 -1.246882793017456e-02 
8.030000000000001e+01 -1.245330012453300e-02 
8.040000000000001e+01 -1.243781094527363e-02 
8.050000000000000e+01 -1.242236024844720e-02 
8.060000000000001e+01 -1.240694789081886e-02 
8.070000000000000e+01 -1.239157372986369e-02 
8.080000000000001e+01 -1.237623762376238e-02 
8.090000000000001e+01 -1.236093943139679e-02 
8.100000000000000e+01 -1.234567901234568e-02 
8.110000000000001e+01 -1.233045622688039e-02 
8.120000000000000e+01 -1.231527093596059e-02 
8.130000000000001e+01 -1.230012300123001e-02 
8.140000000000001e+01 -1.228501228501228e-02 
8.150000000000000e+01 -1.226993865030675e-02 
8.160000000000001e+01 -1.225490196078431e-02 
8.170000000000000e+01 -1.223990208078335e-02 
8.180000000000001e+01 -1.222493887530562e-02 
8.190000000000001e+01 -1.221001221001221e-02 
8.200000000000000e+01 -1.219512195121951e-02 
8.210000000000001e+01 -1.218026796589525e-02 
8.220000000000000e+01 -1.216545012165450e-02 
8.230000000000001e+01 -1.215066828675577e-02 
8.240000000000001e+01 -1.213592233009709e-02 
8.250000000000000e+01 -1.212121212121212e-02 
8.260000000000001e+01 -1.210653753026634e-02 
8.270000000000000e+01 -1.209189842805320e-02 
8.280000000000001e+01 -1.207729468599034e-02 
8.290000000000001e+01 -1.206272617611580e-02 
8.300000000000000e+01 -1.204819277108434e-02 
8.310000000000001e+01 -1.203369434416366e-02 
8.320000000000000e+01 -1.201923076923077e-02 
8.330000000000001e+01 -1.200480192076831e-02 
8.340000000000001e+01 -1.199040767386091e-02 
8.350000000000000e+01 -1.197604790419162e-02 
8.360000000000001e+01 -1.196172248803828e-02 
8.370000000000000e+01 -1.194743130227001e-02 
8.380000000000001e+01 -1.193317422434367e-02 
8.390000000000001e+01 -1.191895113230036e-02 
8.400000000000000e+01 -1.190476190476190e-02 
8.410000000000001e+01 -1.189060642092747e-02 
8.420000000000000e+01 -1.187648456057007e-02 
8.430000000000001e+01 -1.186239620403321e-02 
8.440000000000001e+01 -1.184834123222749e-02 
8.450000000000000e+01 -1.183431952662722e-02 
8.460000000000001e+01 -1.182033096926714e-02 
8.470000000000000e+01 -1.180637544273908e-02 
8.480000000000001e+01 -1.179245283018868e-02 
8.490000000000001e+01 -1.177856301531213e-02 
8.500000000000000e+01 -1.176470588235294e-02 
8.510000000000001e+01 -1.175088131609871e-02 
8.520000000000000e+01 -1.173708920187793e-02 
8.530000000000001e+01 -1.172332942555686e-02 
8.540000000000001e+01 -1.170960187353630e-02 
8.550000000000000e+01 -1.169590643274854e-02 
8.560000000000001e+01 -1.168224299065421e-02 
8.570000000000000e+01 -1.166861143523921e-02 
8.580000000000001e+01 -1.165501165501165e-02 
8.590000000000001e+01 -1.164144353899883e-02 
8.600000000000000e+01 -1.162790697674419e-02 
8.610000000000001e+01 -1.161440185830430e-02 
8.620000000000000e+01 -1.160092807424594e-02 
8.630000000000001e+01 -1.158748551564310e-02 
8.640000000000001e+01 -1.157407407407407e-02 
8.650000000000000e+01 -1.156069364161850e-02 
8.660000000000001e+01 -1.154734411085450e-02 
8.670000000000000e+01 -1.153402537485583e-02 
8.680000000000001e+01 -1.152073732718894e-02 
8.690000000000001e+01 -1.150747986191024e-02 
8.700000000000000e+01 -1.149425287356322e-02 
8.710000000000001e+01 -1.148105625717566e-02 
8.720000000000000e+01 -1.146788990825688e-02 
8.730000000000001e+01 -1.145475372279496e-02 
8.740000000000001e+01 -1.144164759725400e-02 
8.750000000000000e+01 -1.142857142857143e-02 
8.760000000000001e+01 -1.141552511415525e-02 
8.770000000000000e+01 -1.140250855188141e-02 
8.780000000000001e+01 -1.138952164009112e-02 
8.790000000000001e+01 -1.137656427758817e-02 
8.800000000000000e+01 -1.136363636363636e-02 
8.810000000000001e+01 -1.135073779795687e-02 
8.820000000000000e+01 -1.133786848072562e-02 
8.830000000000001e+01 -1.132502831257078e-02 
8.840000000000001e+01 -1.131221719457014e-02 
8.850000000000000e+01 -1.129943502824859e-02 
8.860000000000001e+01 -1.128668171557562e-02 
8.870000000000000e+01 -1.127395715896280e-02 
8.880000000000001e+01 -1.126126126126126e-02 
8.890000000000001e+01 -1.124859392575928e-02 
8.900000000000000e+01 -1.123595505617977e-02 
8.910000000000001e+01 -1.122334455667789e-02 
8.920000000000000e+01 -1.121076233183856e-02 
8.930000000000001e+01 -1.119820828667413e-02 
8.940000000000001e+01 -1.118568232662192e-02 
8.950000000000000e+01 -1.117318435754190e-02 
8.960000000000001e+01 -1.116071428571428e-02 
8.970000000000000e+01 -1.114827201783723e-02 
8.980000000000001e+01 -1.113585746102450e-02 
8.990000000000001e+01 -1.112347052280311e-02 
9.000000000000000e+01 -1.111111111111111e-02 
9.010000000000001e+01 -1.109877913429523e-02 
9.020000000000000e+01 -1.108647450110865e-02 
9.030000000000001e+01 -1.107419712070875e-02 
9.040000000000001e+01 -1.106194690265487e-02 
9.050000000000000e+01 -1.104972375690608e-02 
9.060000000000001e+01 -1.103752759381898e-02 
9.070000000000000e+01 -1.102535832414553e-02 
9.080000000000001e+01 -1.101321585903084e-02 
9.090000000000001e+01 -1.100110011001100e-02 
9.100000000000000e+01 -1.098901098901099e-02 
9.110000000000001e+01 -1.097694840834248e-02 
9.120000000000000e+01 -1.096491228070175e-02 
9.130000000000001e+01 -1.095290251916758e-02 
9.140000000000001e+01 -1.094091903719912e-02 
9.150000000000000e+01 -1.092896174863388e-02 
9.160000000000001e+01 -1.091703056768559e-02 
9.170000000000000e+01 -1.090512540894220e-02 
9.180000000000001e+01 -1.089324618736383e-02 
9.190000000000001e+01 -1.088139281828074e-02 
9.200000000000000e+01 -1.086956521739130e-02 
9.210000000000001e+01 -1.085776330076004e-02 
9.220000000000000e+01 -1.084598698481562e-02 
9.230000000000001e+01 -1.083423618634886e-02 
9.240000000000001e+01 -1.082251082251082e-02 
9.250000000000000e+01 -1.081081081081081e-02 
9.260000000000001e+01 -1.079913606911447e-02 
9.270000000000000e+01 -1.078748651564185e-02 
9.280000000000001e+01 -1.077586206896552e-02 
9.290000000000001e+01 -1.076426264800861e-02 
9.300000000000000e+01 -1.075268817204301e-02 
9.310000000000001e+01 -1.074113856068743e-02 
9.320000000000000e+01 -1.072961373390558e-02 
9.330000000000001e+01 -1.071811361200429e-02 
9.340000000000001e+01 -1.070663811563169e-02 
9.350000000000000e+01 -1.069518716577540e-02 
9.360000000000001e+01 -1.068376068376068e-02 
9.370000000000000e+01 -1.067235859124867e-02 
9.380000000000001e+01 -1.066098081023454e-02 
9.390000000000001e+01 -1.064962726304579e-02 
9.400000000000000e+01 -1.063829787234043e-02 
9.410000000000001e+01 -1.062699256110521e-02 
9.420000000000000e+01 -1.061571125265393e-02 
9.430000000000001e+01 -1.060445387062566e-02 
9.440000000000001e+01 -1.059322033898305e-02 
9.450000000000000e+01 -1.058201058201058e-02 
9.460000000000001e+01 -1.057082452431289e-02 
9.470000000000000e+01 -1.055966209081309e-02 
9.480000000000001e+01 -1.054852320675105e-02 
9.490000000000001e+01 -1.053740779768177e-02 
9.500000000000000e+01 -1.052631578947368e-02 
9.510000000000001e+01 -1.051524710830704e-02 
9.520000000000000e+01 -1.050420168067227e-02 
9.530000000000001e+01 -1.049317943336831e-02 
9.540000000000001e+01 -1.048218029350105e-02 
9.550000000000000e+01 -1.047120418848168e-02 
9.560000000000001e+01 -1.046025104602510e-02 
9.570000000000000e+01 -1.044932079414838e-02 
9.580000000000001e+01 -1.043841336116910e-02 
9.590000000000001e+01 -1.042752867570386e-02 
9.600000000000000e+01 -1.041666666666667e-02 
9.610000000000001e+01 -1.040582726326743e-02 
9.620000000000000e+01 -1.039501039501039e-02 
9.630000000000001e+01 -1.038421599169263e-02 
9.640000000000001e+01 -1.037344398340249e-02 
9.650000000000000e+01 -1.036269430051814e-02 
9.660000000000001e+01 -1.035196687370600e-02 
9.670000000000000e+01 -1.034126163391934e-02 
9.680000000000001e+01 -1.033057851239669e-02 
9.690000000000001e+01 -1.031991744066047e-02 
9.700000000000000e+01 -1.030927835051546e-02 
9.710000000000001e+01 -1.029866117404737e-02 
9.720000000000000e+01 -1.028806584362140e-02 
9.730000000000001e+01 -1.027749229188078e-02 
9.740000000000001e+01 -1.026694045174538e-02 
9.750000000000000e+01 -1.025641025641026e-02 
9.760000000000001e+01 -1.024590163934426e-02 
9.770000000000000e+01 -1.023541453428864e-02 
9.780000000000001e+01 -1.022494887525562e-02 
9.790000000000001e+01 -1.021450459652707e-02 
9.800000000000000e+01 -1.020408163265306e-02 
9.810000000000001e+01 -1.019367991845056e-02 
9.820000000000000e+01 -1.018329938900204e-02 
9.830000000000001e+01 -1.017293997965412e-02 
9.840000000000001e+01 -1.016260162601626e-02 
9.850000000000000e+01 -1.015228426395939e-02 
9.860000000000001e+01 -1.014198782961460e-02 
9.870000000000000e+01 -1.013171225937183e-02 
9.880000000000001e+01 -1.012145748987854e-02 
9.890000000000001e+01 -1.011122345803842e-02 
9.900000000000000e+01 -1.010101010101010e-02 
9.910000000000001e+01 -1.009081735620585e-02 
9.920000000000000e+01 -1.008064516129032e-02 
9.930000000000001e+01 -1.007049345417925e-02 
9.940000000000001e+01 -1.006036217303823e-02 
9.950000000000000e+01 -1.005025125628141e-02 
9.960000000000001e+01 -1.004016064257028e-02 
9.970000000000000e+01 -1.003009027081244e-02 
9.980000000000001e+01 -1.002004008016032e-02 
9.990000000000001e+01 -1.001001001001001e-02 
1.000000000000000e+02 -1.000000000000000e-02 
1.001000000000000e+02 -9.990009990009990e-03 
1.002000000000000e+02 -9.980039920159681e-03 
1.003000000000000e+02 -9.970089730807576e-03 
1.004000000000000e+02 -9.960159362549801e-03 
1.005000000000000e+02 -9.950248756218905e-03 
1.006000000000000e+02 -9.940357852882702e-03 
1.007000000000000e+02 -9.930486593843098e-03 
1.008000000000000e+02 -9.920634920634920e-03 
1.009000000000000e+02 -9.910802775024777e-03 
1.010000000000000e+02 -9.900990099009901e-03 
1.011000000000000e+02 -9.891196834817012e-03 
1.012000000000000e+02 -9.881422924901186e-03 
1.013000000000000e+02 -9.871668311944717e-03 
1.014000000000000e+02 -9.861932938856016e-03 
1.015000000000000e+02 -9.852216748768473e-03 
1.016000000000000e+02 -9.842519685039370e-03 
1.017000000000000e+02 -9.832841691248770e-03 
1.018000000000000e+02 -9.823182711198428e-03 
1.019000000000000e+02 -9.813542688910696e-03 
1.020000000000000e+02 -9.803921568627451e-03 
1.021000000000000e+02 -9.794319294809010e-03 
1.022000000000000e+02 -9.784735812133072e-03 
1.023000000000000e+02 -9.775171065493644e-03 
1.024000000000000e+02 -9.765625000000000e-03 
1.025000000000000e+02 -9.756097560975610e-03 
1.026000000000000e+02 -9.746588693957114e-03 
1.027000000000000e+02 -9.737098344693280e-03 
1.028000000000000e+02 -9.727626459143967e-03 
1.029000000000000e+02 -9.718172983479106e-03 
1.030000000000000e+02 -9.708737864077669e-03 
1.031000000000000e+02 -9.699321047526672e-03 
1.032000000000000e+02 -9.689922480620155e-03 
1.033000000000000e+02 -9.680542110358180e-03 
1.034000000000000e+02 -9.671179883945840e-03 
1.035000000000000e+02 -9.661835748792270e-03 
1.036000000000000e+02 -9.652509652509652e-03 
1.037000000000000e+02 -9.643201542912247e-03 
1.038000000000000e+02 -9.633911368015413e-03 
1.039000000000000e+02 -9.624639076034648e-03 
1.040000000000000e+02 -9.615384615384616e-03 
1.041000000000000e+02 -9.606147934678193e-03 
1.042000000000000e+02 -9.596928982725527e-03 
1.043000000000000e+02 -9.587727708533077e-03 
1.044000000000000e+02 -9.578544061302681e-03 
1.045000000000000e+02 -9.569377990430622e-03 
1.046000000000000e+02 -9.560229445506691e-03 
1.047000000000000e+02 -9.551098376313277e-03 
1.048000000000000e+02 -9.541984732824426e-03 
1.049000000000000e+02 -9.532888465204956e-03 
1.050000000000000e+02 -9.523809523809525e-03 
1.051000000000000e+02 -9.514747859181731e-03 
1.052000000000000e+02 -9.505703422053232e-03 
1.053000000000000e+02 -9.496676163342830e-03 
1.054000000000000e+02 -9.487666034155597e-03 
1.055000000000000e+02 -9.478672985781991e-03 
1.056000000000000e+02 -9.469696969696968e-03 
1.057000000000000e+02 -9.460737937559130e-03 
1.058000000000000e+02 -9.451795841209828e-03 
1.059000000000000e+02 -9.442870632672332e-03 
1.060000000000000e+02 -9.433962264150943e-03 
1.061000000000000e+02 -9.425070688030160e-03 
1.062000000000000e+02 -9.416195856873822e-03 
1.063000000000000e+02 -9.407337723424270e-03 
1.064000000000000e+02 -9.398496240601503e-03 
1.065000000000000e+02 -9.389671361502348e-03 
1.066000000000000e+02 -9.380863039399624e-03 
1.067000000000000e+02 -9.372071227741330e-03 
1.068000000000000e+02 -9.363295880149811e-03 
1.069000000000000e+02 -9.354536950420954e-03 
1.070000000000000e+02 -9.345794392523364e-03 
1.071000000000000e+02 -9.337068160597572e-03 
1.072000000000000e+02 -9.328358208955223e-03 
1.073000000000000e+02 -9.319664492078284e-03 
1.074000000000000e+02 -9.310986964618248e-03 
1.075000000000000e+02 -9.302325581395349e-03 
1.076000000000000e+02 -9.293680297397768e-03 
1.077000000000000e+02 -9.285051067780872e-03 
1.078000000000000e+02 -9.276437847866418e-03 
1.079000000000000e+02 -9.267840593141797e-03 
1.080000000000000e+02 -9.259259259259259e-03 
1.081000000000000e+02 -9.250693802035153e-03 
1.082000000000000e+02 -9.242144177449167e-03 
1.083000000000000e+02 -9.233610341643581e-03 
1.084000000000000e+02 -9.225092250922509e-03 
1.085000000000000e+02 -9.216589861751152e-03 
1.086000000000000e+02 -9.208103130755063e-03 
1.087000000000000e+02 -9.199632014719411e-03 
1.088000000000000e+02 -9.191176470588234e-03 
1.089000000000000e+02 -9.182736455463728e-03 
1.090000000000000e+02 -9.174311926605505e-03 
1.091000000000000e+02 -9.165902841429881e-03 
1.092000000000000e+02 -9.157509157509158e-03 
1.093000000000000e+02 -9.149130832570905e-03 
1.094000000000000e+02 -9.140767824497258e-03 
1.095000000000000e+02 -9.132420091324200e-03 
1.096000000000000e+02 -9.124087591240875e-03 
1.097000000000000e+02 -9.115770282588878e-03 
1.098000000000000e+02 -9.107468123861566e-03 
1.099000000000000e+02 -9.099181073703366e-03 
1.100000000000000e+02 -9.090909090909090e-03 
1.101000000000000e+02 -9.082652134423250e-03 
1.102000000000000e+02 -9.074410163339383e-03 
1.103000000000000e+02 -9.066183136899364e-03 
1.104000000000000e+02 -9.057971014492754e-03 
1.105000000000000e+02 -9.049773755656109e-03 
1.106000000000000e+02 -9.041591320072331e-03 
1.107000000000000e+02 -9.033423667570008e-03 
1.108000000000000e+02 -9.025270758122744e-03 
1.109000000000000e+02 -9.017132551848512e-03 
1.110000000000000e+02 -9.009009009009009e-03 
1.111000000000000e+02 -9.000900090008999e-03 
1.112000000000000e+02 -8.992805755395683e-03 
1.113000000000000e+02 -8.984725965858040e-03 
1.114000000000000e+02 -8.976660682226212e-03 
1.115000000000000e+02 -8.968609865470852e-03 
1.116000000000000e+02 -8.960573476702509e-03 
1.117000000000000e+02 -8.952551477170993e-03 
1.118000000000000e+02 -8.944543828264758e-03 
1.119000000000000e+02 -8.936550491510277e-03 
1.120000000000000e+02 -8.928571428571428e-03 
1.121000000000000e+02 -8.920606601248885e-03 
1.122000000000000e+02 -8.912655971479501e-03 
1.123000000000000e+02 -8.904719501335707e-03 
1.124000000000000e+02 -8.896797153024910e-03 
1.125000000000000e+02 -8.888888888888889e-03 
1.126000000000000e+02 -8.880994671403197e-03 
1.127000000000000e+02 -8.873114463176575e-03 
1.128000000000000e+02 -8.865248226950354e-03 
1.129000000000000e+02 -8.857395925597873e-03 
1.130000000000000e+02 -8.849557522123894e-03 
1.131000000000000e+02 -8.841732979664013e-03 
1.132000000000000e+02 -8.833922261484099e-03 
1.133000000000000e+02 -8.826125330979699e-03 
1.134000000000000e+02 -8.818342151675485e-03 
1.135000000000000e+02 -8.810572687224670e-03 
1.136000000000000e+02 -8.802816901408449e-03 
1.137000000000000e+02 -8.795074758135443e-03 
1.138000000000000e+02 -8.787346221441124e-03 
1.139000000000000e+02 -8.779631255487270e-03 
1.140000000000000e+02 -8.771929824561403e-03 
1.141000000000000e+02 -8.764241893076249e-03 
1.142000000000000e+02 -8.756567425569177e-03 
1.143000000000000e+02 -8.748906386701661e-03 
1.144000000000000e+02 -8.741258741258740e-03 
1.145000000000000e+02 -8.733624454148471e-03 
1.146000000000000e+02 -8.726003490401396e-03 
1.147000000000000e+02 -8.718395815170008e-03 
1.148000000000000e+02 -8.710801393728223e-03 
1.149000000000000e+02 -8.703220191470844e-03 
1.150000000000000e+02 -8.695652173913044e-03 
1.151000000000000e+02 -8.688097306689834e-03 
1.152000000000000e+02 -8.680555555555556e-03 
1.153000000000000e+02 -8.673026886383347e-03 
1.154000000000000e+02 -8.665511265164644e-03 
1.155000000000000e+02 -8.658008658008658e-03 
1.156000000000000e+02 -8.650519031141867e-03 
1.157000000000000e+02 -8.643042350907518e-03 
1.158000000000000e+02 -8.635578583765111e-03 
1.159000000000000e+02 -8.628127696289905e-03 
1.160000000000000e+02 -8.620689655172414e-03 
1.161000000000000e+02 -8.613264427217915e-03 
1.162000000000000e+02 -8.605851979345954e-03 
1.163000000000000e+02 -8.598452278589854e-03 
1.164000000000000e+02 -8.591065292096219e-03 
1.165000000000000e+02 -8.583690987124463e-03 
1.166000000000000e+02 -8.576329331046311e-03 
1.167000000000000e+02 -8.568980291345330e-03 
1.168000000000000e+02 -8.561643835616438e-03 
1.169000000000000e+02 -8.554319931565441e-03 
1.170000000000000e+02 -8.547008547008548e-03 
1.171000000000000e+02 -8.539709649871904e-03 
1.172000000000000e+02 -8.532423208191127e-03 
1.173000000000000e+02 -8.525149190110826e-03 
1.174000000000000e+02 -8.517887563884156e-03 
1.175000000000000e+02 -8.510638297872341e-03 
1.176000000000000e+02 -8.503401360544217e-03 
1.177000000000000e+02 -8.496176720475786e-03 
1.178000000000000e+02 -8.488964346349744e-03 
1.179000000000000e+02 -8.481764206955046e-03 
1.180000000000000e+02 -8.474576271186441e-03 
1.181000000000000e+02 -8.467400508044030e-03 
1.182000000000000e+02 -8.460236886632826e-03 
1.183000000000000e+02 -8.453085376162298e-03 
1.184000000000000e+02 -8.445945945945945e-03 
1.185000000000000e+02 -8.438818565400843e-03 
1.186000000000000e+02 -8.431703204047217e-03 
1.187000000000000e+02 -8.424599831508003e-03 
1.188000000000000e+02 -8.417508417508417e-03 
1.189000000000000e+02 -8.410428931875526e-03 
1.190000000000000e+02 -8.403361344537815e-03 
1.191000000000000e+02 -8.396305625524769e-03 
1.192000000000000e+02 -8.389261744966443e-03 
1.193000000000000e+02 -8.382229673093041e-03 
1.194000000000000e+02 -8.375209380234505e-03 
1.195000000000000e+02 -8.368200836820083e-03 
1.196000000000000e+02 -8.361204013377926e-03 
1.197000000000000e+02 -8.354218880534670e-03 
1.198000000000000e+02 -8.347245409015025e-03 
1.199000000000000e+02 -8.340283569641367e-03 
1.200000000000000e+02 -8.333333333333333e-03 
1.201000000000000e+02 -8.326394671107410e-03 
1.202000000000000e+02 -8.319467554076539e-03 
1.203000000000000e+02 -8.312551953449708e-03 
1.204000000000000e+02 -8.305647840531560e-03 
1.205000000000000e+02 -8.298755186721992e-03 
1.206000000000000e+02 -8.291873963515753e-03 
1.207000000000000e+02 -8.285004142502071e-03 
1.208000000000000e+02 -8.278145695364237e-03 
1.209000000000000e+02 -8.271298593879239e-03 
1.210000000000000e+02 -8.264462809917356e-03 
1.211000000000000e+02 -8.257638315441783e-03 
1.212000000000000e+02 -8.250825082508250e-03 
1.213000000000000e+02 -8.244023083264633e-03 
1.214000000000000e+02 -8.237232289950576e-03 
1.215000000000000e+02 -8.230452674897120e-03 
1.216000000000000e+02 -8.223684210526315e-03 
1.217000000000000e+02 -8.216926869350863e-03 
1.218000000000000e+02 -8.210180623973726e-03 
1.219000000000000e+02 -8.203445447087777e-03 
1.220000000000000e+02 -8.196721311475410e-03 
1.221000000000000e+02 -8.190008190008190e-03 
1.222000000000000e+02 -8.183306055646482e-03 
1.223000000000000e+02 -8.176614881439084e-03 
1.224000000000000e+02 -8.169934640522876e-03 
1.225000000000000e+02 -8.163265306122450e-03 
1.226000000000000e+02 -8.156606851549755e-03 
1.227000000000000e+02 -8.149959250203748e-03 
1.228000000000000e+02 -8.143322475570031e-03 
1.229000000000000e+02 -8.136696501220505e-03 
1.230000000000000e+02 -8.130081300813009e-03 
1.231000000000000e+02 -8.123476848090982e-03 
1.232000000000000e+02 -8.116883116883116e-03 
1.233000000000000e+02 -8.110300081103000e-03 
1.234000000000000e+02 -8.103727714748784e-03 
1.235000000000000e+02 -8.097165991902834e-03 
1.236000000000000e+02 -8.090614886731391e-03 
1.237000000000000e+02 -8.084074373484237e-03 
1.238000000000000e+02 -8.077544426494346e-03 
1.239000000000000e+02 -8.071025020177562e-03 
1.240000000000000e+02 -8.064516129032258e-03 
1.241000000000000e+02 -8.058017727639000e-03 
1.242000000000000e+02 -8.051529790660225e-03 
1.243000000000000e+02 -8.045052292839902e-03 
1.244000000000000e+02 -8.038585209003215e-03 
1.245000000000000e+02 -8.032128514056224e-03 
1.246000000000000e+02 -8.025682182985553e-03 
1.247000000000000e+02 -8.019246190858059e-03 
1.248000000000000e+02 -8.012820512820512e-03 
1.249000000000000e+02 -8.006405124099279e-03 
1.250000000000000e+02 -8.000000000000000e-03 
1.251000000000000e+02 -7.993605115907274e-03 
1.252000000000000e+02 -7.987220447284345e-03 
1.253000000000000e+02 -7.980845969672785e-03 
1.254000000000000e+02 -7.974481658692184e-03 
1.255000000000000e+02 -7.968127490039840e-03 
1.256000000000000e+02 -7.961783439490446e-03 
1.257000000000000e+02 -7.955449482895784e-03 
1.258000000000000e+02 -7.949125596184419e-03 
1.259000000000000e+02 -7.942811755361398e-03 
1.260000000000000e+02 -7.936507936507936e-03 
1.261000000000000e+02 -7.930214115781126e-03 
1.262000000000000e+02 -7.923930269413629e-03 
1.263000000000000e+02 -7.917656373713380e-03 
1.264000000000000e+02 -7.911392405063290e-03 
1.265000000000000e+02 -7.905138339920948e-03 
1.266000000000000e+02 -7.898894154818325e-03 
1.267000000000000e+02 -7.892659826361484e-03 
1.268000000000000e+02 -7.886435331230283e-03 
1.269000000000000e+02 -7.880220646178092e-03 
1.270000000000000e+02 -7.874015748031496e-03 
1.271000000000000e+02 -7.867820613690008e-03 
1.272000000000000e+02 -7.861635220125786e-03 
1.273000000000000e+02 -7.855459544383346e-03 
1.274000000000000e+02 -7.849293563579277e-03 
1.275000000000000e+02 -7.843137254901961e-03 
1.276000000000000e+02 -7.836990595611285e-03 
1.277000000000000e+02 -7.830853563038372e-03 
1.278000000000000e+02 -7.824726134585288e-03 
1.279000000000000e+02 -7.818608287724784e-03 
1.280000000000000e+02 -7.812500000000000e-03 
1.281000000000000e+02 -7.806401249024200e-03 
1.282000000000000e+02 -7.800312012480498e-03 
1.283000000000000e+02 -7.794232268121589e-03 
1.284000000000000e+02 -7.788161993769470e-03 
1.285000000000000e+02 -7.782101167315175e-03 
1.286000000000000e+02 -7.776049766718507e-03 
1.287000000000000e+02 -7.770007770007769e-03 
1.288000000000000e+02 -7.763975155279502e-03 
1.289000000000000e+02 -7.757951900698216e-03 
1.290000000000000e+02 -7.751937984496124e-03 
1.291000000000000e+02 -7.745933384972889e-03 
1.292000000000000e+02 -7.739938080495355e-03 
1.293000000000000e+02 -7.733952049497292e-03 
1.294000000000000e+02 -7.727975270479135e-03 
1.295000000000000e+02 -7.722007722007722e-03 
1.296000000000000e+02 -7.716049382716050e-03 
1.297000000000000e+02 -7.710100231303006e-03 
1.298000000000000e+02 -7.704160246533127e-03 
1.299000000000000e+02 -7.698229407236335e-03 
1.300000000000000e+02 -7.692307692307693e-03 
1.301000000000000e+02 -7.686395080707149e-03 
1.302000000000000e+02 -7.680491551459293e-03 
1.303000000000000e+02 -7.674597083653108e-03 
1.304000000000000e+02 -7.668711656441718e-03 
1.305000000000000e+02 -7.662835249042145e-03 
1.306000000000000e+02 -7.656967840735069e-03 
1.307000000000000e+02 -7.651109410864575e-03 
1.308000000000000e+02 -7.645259938837919e-03 
1.309000000000000e+02 -7.639419404125286e-03 
1.310000000000000e+02 -7.633587786259542e-03 
1.311000000000000e+02 -7.627765064836004e-03 
1.312000000000000e+02 -7.621951219512194e-03 
1.313000000000000e+02 -7.616146230007615e-03 
1.314000000000000e+02 -7.610350076103500e-03 
1.315000000000000e+02 -7.604562737642586e-03 
1.316000000000000e+02 -7.598784194528876e-03 
1.317000000000000e+02 -7.593014426727410e-03 
1.318000000000000e+02 -7.587253414264036e-03 
1.319000000000000e+02 -7.581501137225171e-03 
1.320000000000000e+02 -7.575757575757576e-03 
1.321000000000000e+02 -7.570022710068130e-03 
1.322000000000000e+02 -7.564296520423600e-03 
1.323000000000000e+02 -7.558578987150415e-03 
1.324000000000000e+02 -7.552870090634441e-03 
1.325000000000000e+02 -7.547169811320755e-03 
1.326000000000000e+02 -7.541478129713424e-03 
1.327000000000000e+02 -7.535795026375282e-03 
1.328000000000000e+02 -7.530120481927710e-03 
1.329000000000000e+02 -7.524454477050414e-03 
1.330000000000000e+02 -7.518796992481203e-03 
1.331000000000000e+02 -7.513148009015778e-03 
1.332000000000000e+02 -7.507507507507507e-03 
1.333000000000000e+02 -7.501875468867216e-03 
1.334000000000000e+02 -7.496251874062968e-03 
1.335000000000000e+02 -7.490636704119850e-03 
1.336000000000000e+02 -7.485029940119760e-03 
1.337000000000000e+02 -7.479431563201196e-03 
1.338000000000000e+02 -7.473841554559043e-03 
1.339000000000000e+02 -7.468259895444362e-03 
1.340000000000000e+02 -7.462686567164179e-03 
1.341000000000000e+02 -7.457121551081283e-03 
1.342000000000000e+02 -7.451564828614008e-03 
1.343000000000000e+02 -7.446016381236038e-03 
1.344000000000000e+02 -7.440476190476190e-03 
1.345000000000000e+02 -7.434944237918215e-03 
1.346000000000000e+02 -7.429420505200595e-03 
1.347000000000000e+02 -7.423904974016331e-03 
1.348000000000000e+02 -7.418397626112759e-03 
1.349000000000000e+02 -7.412898443291327e-03 
1.350000000000000e+02 -7.407407407407408e-03 
1.351000000000000e+02 -7.401924500370097e-03 
1.352000000000000e+02 -7.396449704142011e-03 
1.353000000000000e+02 -7.390983000739097e-03 
1.354000000000000e+02 -7.385524372230428e-03 
1.355000000000000e+02 -7.380073800738007e-03 
1.356000000000000e+02 -7.374631268436578e-03 
1.357000000000000e+02 -7.369196757553426e-03 
1.358000000000000e+02 -7.363770250368188e-03 
1.359000000000000e+02 -7.358351729212656e-03 
1.360000000000000e+02 -7.352941176470588e-03 
1.361000000000000e+02 -7.347538574577516e-03 
1.362000000000000e+02 -7.342143906020557e-03 
1.363000000000000e+02 -7.336757153338224e-03 
1.364000000000000e+02 -7.331378299120234e-03 
1.365000000000000e+02 -7.326007326007326e-03 
1.366000000000000e+02 -7.320644216691069e-03 
1.367000000000000e+02 -7.315288953913679e-03 
1.368000000000000e+02 -7.309941520467836e-03 
1.369000000000000e+02 -7.304601899196493e-03 
1.370000000000000e+02 -7.299270072992700e-03 
1.371000000000000e+02 -7.293946024799417e-03 
1.372000000000000e+02 -7.288629737609328e-03 
1.373000000000000e+02 -7.283321194464675e-03 
1.374000000000000e+02 -7.278020378457060e-03 
1.375000000000000e+02 -7.272727272727273e-03 
1.376000000000000e+02 -7.267441860465116e-03 
1.377000000000000e+02 -7.262164124909222e-03 
1.378000000000000e+02 -7.256894049346879e-03 
1.379000000000000e+02 -7.251631617113850e-03 
1.380000000000000e+02 -7.246376811594203e-03 
1.381000000000000e+02 -7.241129616220130e-03 
1.382000000000000e+02 -7.235890014471779e-03 
1.383000000000000e+02 -7.230657989877078e-03 
1.384000000000000e+02 -7.225433526011561e-03 
1.385000000000000e+02 -7.220216606498195e-03 
1.386000000000000e+02 -7.215007215007215e-03 
1.387000000000000e+02 -7.209805335255947e-03 
1.388000000000000e+02 -7.204610951008645e-03 
1.389000000000000e+02 -7.199424046076313e-03 
1.390000000000000e+02 -7.194244604316547e-03 
1.391000000000000e+02 -7.189072609633357e-03 
1.392000000000000e+02 -7.183908045977011e-03 
1.393000000000000e+02 -7.178750897343862e-03 
1.394000000000000e+02 -7.173601147776184e-03 
1.395000000000000e+02 -7.168458781362007e-03 
1.396000000000000e+02 -7.163323782234957e-03 
1.397000000000000e+02 -7.158196134574087e-03 
1.398000000000000e+02 -7.153075822603719e-03 
1.399000000000000e+02 -7.147962830593281e-03 
1.400000000000000e+02 -7.142857142857143e-03 
1.401000000000000e+02 -7.137758743754462e-03 
1.402000000000000e+02 -7.132667617689015e-03 
1.403000000000000e+02 -7.127583749109052e-03 
1.404000000000000e+02 -7.122507122507123e-03 
1.405000000000000e+02 -7.117437722419928e-03 
1.406000000000000e+02 -7.112375533428165e-03 
1.407000000000000e+02 -7.107320540156360e-03 
1.408000000000000e+02 -7.102272727272727e-03 
1.409000000000000e+02 -7.097232079488999e-03 
1.410000000000000e+02 -7.092198581560284e-03 
1.411000000000000e+02 -7.087172218284905e-03 
1.412000000000000e+02 -7.082152974504249e-03 
1.413000000000000e+02 -7.077140835102618e-03 
1.414000000000000e+02 -7.072135785007072e-03 
1.415000000000000e+02 -7.067137809187279e-03 
1.416000000000000e+02 -7.062146892655367e-03 
1.417000000000000e+02 -7.057163020465772e-03 
1.418000000000000e+02 -7.052186177715091e-03 
1.419000000000000e+02 -7.047216349541930e-03 
1.420000000000000e+02 -7.042253521126761e-03 
1.421000000000000e+02 -7.037297677691767e-03 
1.422000000000000e+02 -7.032348804500702e-03 
1.423000000000000e+02 -7.027406886858749e-03 
1.424000000000000e+02 -7.022471910112359e-03 
1.425000000000000e+02 -7.017543859649123e-03 
1.426000000000000e+02 -7.012622720897616e-03 
1.427000000000000e+02 -7.007708479327259e-03 
1.428000000000000e+02 -7.002801120448179e-03 
1.429000000000000e+02 -6.997900629811056e-03 
1.430000000000000e+02 -6.993006993006993e-03 
1.431000000000000e+02 -6.988120195667366e-03 
1.432000000000000e+02 -6.983240223463687e-03 
1.433000000000000e+02 -6.978367062107466e-03 
1.434000000000000e+02 -6.973500697350070e-03 
1.435000000000000e+02 -6.968641114982578e-03 
1.436000000000000e+02 -6.963788300835655e-03 
1.437000000000000e+02 -6.958942240779401e-03 
1.438000000000000e+02 -6.954102920723226e-03 
1.439000000000000e+02 -6.949270326615705e-03 
1.440000000000000e+02 -6.944444444444444e-03 
1.441000000000000e+02 -6.939625260235948e-03 
1.442000000000000e+02 -6.934812760055478e-03 
1.443000000000000e+02 -6.930006930006930e-03 
1.444000000000000e+02 -6.925207756232687e-03 
1.445000000000000e+02 -6.920415224913495e-03 
1.446000000000000e+02 -6.915629322268327e-03 
1.447000000000000e+02 -6.910850034554250e-03 
1.448000000000000e+02 -6.906077348066298e-03 
1.449000000000000e+02 -6.901311249137336e-03 
1.450000000000000e+02 -6.896551724137931e-03 
1.451000000000000e+02 -6.891798759476223e-03 
1.452000000000000e+02 -6.887052341597795e-03 
1.453000000000000e+02 -6.882312456985546e-03 
1.454000000000000e+02 -6.877579092159559e-03 
1.455000000000000e+02 -6.872852233676976e-03 
1.456000000000000e+02 -6.868131868131868e-03 
1.457000000000000e+02 -6.863417982155113e-03 
1.458000000000000e+02 -6.858710562414266e-03 
1.459000000000000e+02 -6.854009595613434e-03 
1.460000000000000e+02 -6.849315068493150e-03 
1.461000000000000e+02 -6.844626967830254e-03 
1.462000000000000e+02 -6.839945280437756e-03 
1.463000000000000e+02 -6.835269993164730e-03 
1.464000000000000e+02 -6.830601092896175e-03 
1.465000000000000e+02 -6.825938566552901e-03 
1.466000000000000e+02 -6.821282401091405e-03 
1.467000000000000e+02 -6.816632583503748e-03 
1.468000000000000e+02 -6.811989100817438e-03 
1.469000000000000e+02 -6.807351940095302e-03 
1.470000000000000e+02 -6.802721088435374e-03 
1.471000000000000e+02 -6.798096532970768e-03 
1.472000000000000e+02 -6.793478260869564e-03 
1.473000000000000e+02 -6.788866259334690e-03 
1.474000000000000e+02 -6.784260515603799e-03 
1.475000000000000e+02 -6.779661016949152e-03 
1.476000000000000e+02 -6.775067750677507e-03 
1.477000000000000e+02 -6.770480704129993e-03 
1.478000000000000e+02 -6.765899864682002e-03 
1.479000000000000e+02 -6.761325219743070e-03 
1.480000000000000e+02 -6.756756756756757e-03 
1.481000000000000e+02 -6.752194463200541e-03 
1.482000000000000e+02 -6.747638326585694e-03 
1.483000000000000e+02 -6.743088334457181e-03 
1.484000000000000e+02 -6.738544474393530e-03 
1.485000000000000e+02 -6.734006734006734e-03 
1.486000000000000e+02 -6.729475100942127e-03 
1.487000000000000e+02 -6.724949562878278e-03 
1.488000000000000e+02 -6.720430107526881e-03 
1.489000000000000e+02 -6.715916722632639e-03 
1.490000000000000e+02 -6.711409395973154e-03 
1.491000000000000e+02 -6.706908115358820e-03 
1.492000000000000e+02 -6.702412868632707e-03 
1.493000000000000e+02 -6.697923643670461e-03 
1.494000000000000e+02 -6.693440428380187e-03 
1.495000000000000e+02 -6.688963210702341e-03 
1.496000000000000e+02 -6.684491978609625e-03 
1.497000000000000e+02 -6.680026720106880e-03 
1.498000000000000e+02 -6.675567423230974e-03 
1.499000000000000e+02 -6.671114076050700e-03 
1.500000000000000e+02 -6.666666666666667e-03 
