1.102315396399292e-01 0.000000000000000e+00
2.002664092711838e-01 0.000000000000000e+00
2.735692083014633e-01 0.000000000000000e+00
3.329794645278657e-01 0.000000000000000e+00
3.808356580370729e-01 0.000000000000000e+00
4.190687468835765e-01 0.000000000000000e+00
4.492771942716200e-01 0.000000000000000e+00
4.727873821647192e-01 0.000000000000000e+00
4.907024184076147e-01 0.000000000000000e+00
5.039416906059231e-01 0.000000000000000e+00
5.132730175446488e-01 0.000000000000000e+00
5.193388594348157e-01 0.000000000000000e+00
5.226777448432464e-01 0.000000000000000e+00
5.237418348180515e-01 0.000000000000000e+00
5.229113583994296e-01 0.000000000000000e+00
5.205065069307235e-01 0.000000000000000e+00
5.167972585810363e-01 0.000000000000000e+00
5.120115125131021e-01 0.000000000000000e+00
5.063418389753619e-01 0.000000000000000e+00
4.999510932371018e-01 0.000000000000000e+00
4.929770945907647e-01 0.000000000000000e+00
4.855365341771237e-01 0.000000000000000e+00
4.777282452397613e-01 0.000000000000000e+00
4.696359450893313e-01 0.000000000000000e+00
4.613305383784700e-01 0.000000000000000e+00
4.528720553262451e-01 0.000000000000000e+00
4.443112855517170e-01 0.000000000000000e+00
4.356911575962083e-01 0.000000000000000e+00
4.270479055690157e-01 0.000000000000000e+00
4.184120572711023e-01 0.000000000000000e+00
4.098092723393671e-01 0.000000000000000e+00
4.012610541726406e-01 0.000000000000000e+00
3.927853554583721e-01 0.000000000000000e+00
3.843970938619054e-01 0.000000000000000e+00
3.761085917436867e-01 0.000000000000000e+00
3.679299515327977e-01 0.000000000000000e+00
3.598693765259142e-01 0.000000000000000e+00
3.519334453324533e-01 0.000000000000000e+00
3.441273468949364e-01 0.000000000000000e+00
3.364550819339717e-01 0.000000000000000e+00
3.289196357633675e-01 0.000000000000000e+00
3.215231266628231e-01 0.000000000000000e+00
3.142669333588328e-01 0.000000000000000e+00
3.071518046286416e-01 0.000000000000000e+00
3.001779535905558e-01 0.000000000000000e+00
2.933451388628395e-01 0.000000000000000e+00
2.866527344513211e-01 0.000000000000000e+00
2.800997899532043e-01 0.000000000000000e+00
2.736850824334855e-01 0.000000000000000e+00
2.674071611342432e-01 0.000000000000000e+00
2.612643860103741e-01 0.000000000000000e+00
2.552549609435070e-01 0.000000000000000e+00
2.493769623649766e-01 0.000000000000000e+00
2.436283639156531e-01 0.000000000000000e+00
2.380070576823862e-01 0.000000000000000e+00
2.325108724755611e-01 0.000000000000000e+00
2.271375895478397e-01 0.000000000000000e+00
2.218849560989709e-01 0.000000000000000e+00
2.167506968642141e-01 0.000000000000000e+00
2.117325240432806e-01 0.000000000000000e+00
2.068281457917759e-01 0.000000000000000e+00
2.020352734670873e-01 0.000000000000000e+00
1.973516277947984e-01 0.000000000000000e+00
1.927749440994359e-01 0.000000000000000e+00
1.883029767241325e-01 0.000000000000000e+00
1.839335027472091e-01 0.000000000000000e+00
1.796643250893561e-01 0.000000000000000e+00
1.754932750927053e-01 0.000000000000000e+00
1.714182146423839e-01 0.000000000000000e+00
1.674370378918576e-01 0.000000000000000e+00
1.635476726453504e-01 0.000000000000000e+00
1.597480814436595e-01 0.000000000000000e+00
1.560362623936480e-01 0.000000000000000e+00
1.524102497764607e-01 0.000000000000000e+00
1.488681144649534e-01 0.000000000000000e+00
1.454079641768762e-01 0.000000000000000e+00
1.420279435869135e-01 0.000000000000000e+00
1.387262343176942e-01 0.000000000000000e+00
1.355010548272828e-01 0.000000000000000e+00
1.323506602084022e-01 0.000000000000000e+00
1.292733419126613e-01 0.000000000000000e+00
1.262674274113459e-01 0.000000000000000e+00
1.233312798028318e-01 0.000000000000000e+00
1.204632973753730e-01 0.000000000000000e+00
1.176619131328798e-01 0.000000000000000e+00
1.149255942903052e-01 0.000000000000000e+00
1.122528417443926e-01 0.000000000000000e+00
1.096421895247795e-01 0.000000000000000e+00
1.070922042297892e-01 0.000000000000000e+00
1.046014844506679e-01 0.000000000000000e+00
1.021686601875166e-01 0.000000000000000e+00
9.979239225972812e-02 0.000000000000000e+00
9.747137171335536e-02 0.000000000000000e+00
9.520431922749731e-02 0.000000000000000e+00
9.298998452149916e-02 0.000000000000000e+00
9.082714576450217e-02 0.000000000000000e+00
8.871460898865823e-02 0.000000000000000e+00
8.665120750712463e-02 0.000000000000000e+00
8.463580133778610e-02 0.000000000000000e+00
8.266727663350007e-02 0.000000000000000e+00
8.074454511953140e-02 0.000000000000000e+00
7.886654353872927e-02 0.000000000000000e+00
7.703223310489911e-02 0.000000000000000e+00
7.524059896473705e-02 0.000000000000000e+00
7.349064966861804e-02 0.000000000000000e+00
7.178141665046456e-02 0.000000000000000e+00
7.011195371686524e-02 0.000000000000000e+00
6.848133654556390e-02 0.000000000000000e+00
6.688866219339697e-02 0.000000000000000e+00
6.533304861371954e-02 0.000000000000000e+00
6.381363418332965e-02 0.000000000000000e+00
6.232957723887222e-02 0.000000000000000e+00
6.088005562268063e-02 0.000000000000000e+00
5.946426623799447e-02 0.000000000000000e+00
5.808142461347367e-02 0.000000000000000e+00
5.673076447691598e-02 0.000000000000000e+00
5.541153733807172e-02 0.000000000000000e+00
5.412301208043967e-02 0.000000000000000e+00
5.286447456191962e-02 0.000000000000000e+00
5.163522722418994e-02 0.000000000000000e+00
5.043458871067301e-02 0.000000000000000e+00
4.926189349294664e-02 0.000000000000000e+00
4.811649150545648e-02 0.000000000000000e+00
4.699774778838152e-02 0.000000000000000e+00
4.590504213850296e-02 0.000000000000000e+00
4.483776876792574e-02 0.000000000000000e+00
4.379533597050136e-02 0.000000000000000e+00
4.277716579580022e-02 0.000000000000000e+00
4.178269373048252e-02 0.000000000000000e+00
4.081136838691699e-02 0.000000000000000e+00
3.986265119889806e-02 0.000000000000000e+00
3.893601612431313e-02 0.000000000000000e+00
3.803094935461313e-02 0.000000000000000e+00
3.714694903094146e-02 0.000000000000000e+00
3.628352496677786e-02 0.000000000000000e+00
3.544019837695617e-02 0.000000000000000e+00
3.461650161291667e-02 0.000000000000000e+00
3.381197790405617e-02 0.000000000000000e+00
3.302618110504090e-02 0.000000000000000e+00
3.225867544895027e-02 0.000000000000000e+00
3.150903530612082e-02 0.000000000000000e+00
3.077684494856319e-02 0.000000000000000e+00
3.006169831982676e-02 0.000000000000000e+00
2.936319881018871e-02 0.000000000000000e+00
2.868095903704772e-02 0.000000000000000e+00
2.801460063040366e-02 0.000000000000000e+00
2.736375402330794e-02 0.000000000000000e+00
2.672805824717124e-02 0.000000000000000e+00
2.610716073181763e-02 0.000000000000000e+00
2.550071711017664e-02 0.000000000000000e+00
2.490839102750680e-02 0.000000000000000e+00
2.432985395504702e-02 0.000000000000000e+00
2.376478500799380e-02 0.000000000000000e+00
2.321287076770495e-02 0.000000000000000e+00
2.267380510803233e-02 0.000000000000000e+00
2.214728902568872e-02 0.000000000000000e+00
2.163303047455537e-02 0.000000000000000e+00
2.113074420383970e-02 0.000000000000000e+00
2.064015159999374e-02 0.000000000000000e+00
2.016098053230677e-02 0.000000000000000e+00
1.969296520208686e-02 0.000000000000000e+00
1.923584599534843e-02 0.000000000000000e+00
1.878936933892457e-02 0.000000000000000e+00
1.835328755992471e-02 0.000000000000000e+00
1.792735874846028e-02 0.000000000000000e+00
1.751134662356240e-02 0.000000000000000e+00
1.710502040221773e-02 0.000000000000000e+00
1.670815467144995e-02 0.000000000000000e+00
1.632052926337646e-02 0.000000000000000e+00
1.594192913317090e-02 0.000000000000000e+00
1.557214423986439e-02 0.000000000000000e+00
1.521096942991923e-02 0.000000000000000e+00
1.485820432351089e-02 0.000000000000000e+00
1.451365320345532e-02 0.000000000000000e+00
1.417712490672005e-02 0.000000000000000e+00
1.384843271845916e-02 0.000000000000000e+00
1.352739426851331e-02 0.000000000000000e+00
1.321383143031772e-02 0.000000000000000e+00
1.290757022216192e-02 0.000000000000000e+00
1.260844071074681e-02 0.000000000000000e+00
1.231627691698548e-02 0.000000000000000e+00
1.203091672399557e-02 0.000000000000000e+00
1.175220178723245e-02 0.000000000000000e+00
1.147997744671313e-02 0.000000000000000e+00
1.121409264128253e-02 0.000000000000000e+00
1.095439982487447e-02 0.000000000000000e+00
1.070075488472101e-02 0.000000000000000e+00
1.045301706146488e-02 0.000000000000000e+00
1.021104887113064e-02 0.000000000000000e+00
9.974716028911448e-03 0.000000000000000e+00
9.743887374729081e-03 0.000000000000000e+00
9.518434800526049e-03 0.000000000000000e+00
9.298233179249478e-03 0.000000000000000e+00
9.083160295487395e-03 0.000000000000000e+00
8.873096777718971e-03 0.000000000000000e+00
8.667926032141221e-03 0.000000000000000e+00
8.467534178035399e-03 0.000000000000000e+00
8.271809984637366e-03 0.000000000000000e+00
8.080644809476845e-03 0.000000000000000e+00
7.893932538151453e-03 0.000000000000000e+00
7.711569525502128e-03 0.000000000000000e+00
7.533454538157266e-03 0.000000000000000e+00
7.359488698413844e-03 0.000000000000000e+00
7.189575429424310e-03 0.000000000000000e+00
7.023620401658930e-03 0.000000000000000e+00
6.861531480613881e-03 0.000000000000000e+00
6.703218675736110e-03 0.000000000000000e+00
6.548594090536665e-03 0.000000000000000e+00
6.397571873864817e-03 0.000000000000000e+00
6.250068172315970e-03 0.000000000000000e+00
6.106001083747015e-03 0.000000000000000e+00
5.965290611873292e-03 0.000000000000000e+00
5.827858621922056e-03 0.000000000000000e+00
5.693628797317815e-03 0.000000000000000e+00
5.562526597375579e-03 0.000000000000000e+00
5.434479215978522e-03 0.000000000000000e+00
5.309415541217163e-03 0.000000000000000e+00
5.187266115967710e-03 0.000000000000000e+00
5.067963099387706e-03 0.000000000000000e+00
4.951440229307613e-03 0.000000000000000e+00
4.837632785497516e-03 0.000000000000000e+00
4.726477553788557e-03 0.000000000000000e+00
4.617912791029238e-03 0.000000000000000e+00
4.511878190857133e-03 0.000000000000000e+00
4.408314850267064e-03 0.000000000000000e+00
4.307165236957201e-03 0.000000000000000e+00
4.208373157434965e-03 0.000000000000000e+00
4.111883725865085e-03 0.000000000000000e+00
4.017643333642517e-03 0.000000000000000e+00
3.925599619673360e-03 0.000000000000000e+00
3.835701441347312e-03 0.000000000000000e+00
3.747898846185552e-03 0.000000000000000e+00
3.662143044148342e-03 0.000000000000000e+00
3.578386380586995e-03 0.000000000000000e+00
3.496582309825224e-03 0.000000000000000e+00
3.416685369355216e-03 0.000000000000000e+00
3.338651154634120e-03 0.000000000000000e+00
3.262436294467011e-03 0.000000000000000e+00
3.187998426962636e-03 0.000000000000000e+00
3.115296176048653e-03 0.000000000000000e+00
3.044289128533319e-03 0.000000000000000e+00
2.974937811700931e-03 0.000000000000000e+00
2.907203671428583e-03 0.000000000000000e+00
2.841049050812115e-03 0.000000000000000e+00
2.776437169289413e-03 0.000000000000000e+00
2.713332102249469e-03 0.000000000000000e+00
2.651698761115919e-03 0.000000000000000e+00
2.591502873894000e-03 0.000000000000000e+00
2.532710966170155e-03 0.000000000000000e+00
2.475290342553747e-03 0.000000000000000e+00
2.419209068550593e-03 0.000000000000000e+00
2.364435952858275e-03 0.000000000000000e+00
2.310940530073413e-03 0.000000000000000e+00
2.258693043801308e-03 0.000000000000000e+00
2.207664430158597e-03 0.000000000000000e+00
2.157826301659779e-03 0.000000000000000e+00
2.109150931478668e-03 0.000000000000000e+00
2.061611238076054e-03 0.000000000000000e+00
2.015180770185063e-03 0.000000000000000e+00
1.969833692145869e-03 0.000000000000000e+00
1.925544769581648e-03 0.000000000000000e+00
1.882289355407826e-03 0.000000000000000e+00
1.840043376166861e-03 0.000000000000000e+00
1.798783318681002e-03 0.000000000000000e+00
1.758486217015595e-03 0.000000000000000e+00
1.719129639745747e-03 0.000000000000000e+00
1.680691677519257e-03 0.000000000000000e+00
1.643150930908936e-03 0.000000000000000e+00
1.606486498547586e-03 0.000000000000000e+00
1.570677965539042e-03 0.000000000000000e+00
1.535705392138880e-03 0.000000000000000e+00
1.501549302698486e-03 0.000000000000000e+00
1.468190674866389e-03 0.000000000000000e+00
1.435610929040842e-03 0.000000000000000e+00
1.403791918067825e-03 0.000000000000000e+00
1.372715917178756e-03 0.000000000000000e+00
1.342365614162322e-03 0.000000000000000e+00
1.312724099764993e-03 0.000000000000000e+00
1.283774858314894e-03 0.000000000000000e+00
1.255501758563840e-03 0.000000000000000e+00
1.227889044742447e-03 0.000000000000000e+00
1.200921327823381e-03 0.000000000000000e+00
1.174583576987878e-03 0.000000000000000e+00
1.148861111290826e-03 0.000000000000000e+00
1.123739591519777e-03 0.000000000000000e+00
1.099205012243374e-03 0.000000000000000e+00
1.075243694044801e-03 0.000000000000000e+00
1.051842275935932e-03 0.000000000000000e+00
1.028987707947984e-03 0.000000000000000e+00
1.006667243894568e-03 0.000000000000000e+00
9.848684343031263e-04 0.000000000000000e+00
9.635791195108255e-04 0.000000000000000e+00
9.427874229211019e-04 0.000000000000000e+00
9.224817444170996e-04 0.000000000000000e+00
9.026507539283610e-04 0.000000000000000e+00
8.832833851472015e-04 0.000000000000000e+00
8.643688293912884e-04 0.000000000000000e+00
8.458965296090139e-04 0.000000000000000e+00
8.278561745243490e-04 0.000000000000000e+00
8.102376929179265e-04 0.000000000000000e+00
7.930312480411874e-04 0.000000000000000e+00
7.762272321604905e-04 0.000000000000000e+00
7.598162612281637e-04 0.000000000000000e+00
7.437891696775444e-04 0.000000000000000e+00
7.281370053391174e-04 0.000000000000000e+00
7.128510244749435e-04 0.000000000000000e+00
6.979226869286150e-04 0.000000000000000e+00
6.833436513880590e-04 0.000000000000000e+00
6.691057707585557e-04 0.000000000000000e+00
6.552010876434120e-04 0.000000000000000e+00
6.416218299297836e-04 0.000000000000000e+00
6.283604064771980e-04 0.000000000000000e+00
6.154094029063928e-04 0.000000000000000e+00
6.027615774861277e-04 0.000000000000000e+00
5.904098571156980e-04 0.000000000000000e+00
5.783473334009205e-04 0.000000000000000e+00
5.665672588214127e-04 0.000000000000000e+00
5.550630429870474e-04 0.000000000000000e+00
5.438282489815046e-04 0.000000000000000e+00
5.328565897908923e-04 0.000000000000000e+00
5.221419248154616e-04 0.000000000000000e+00
5.116782564624776e-04 0.000000000000000e+00
5.014597268183617e-04 0.000000000000000e+00
4.914806143982589e-04 0.000000000000000e+00
4.817353309712277e-04 0.000000000000000e+00
4.722184184592962e-04 0.000000000000000e+00
4.629245459086615e-04 0.000000000000000e+00
4.538485065313583e-04 0.000000000000000e+00
4.449852148157530e-04 0.000000000000000e+00
4.363297037042642e-04 0.000000000000000e+00
4.278771218367452e-04 0.000000000000000e+00
4.196227308579990e-04 0.000000000000000e+00
4.115619027879372e-04 0.000000000000000e+00
4.036901174529208e-04 0.000000000000000e+00
3.960029599768622e-04 0.000000000000000e+00
3.884961183306976e-04 0.000000000000000e+00
3.811653809388710e-04 0.000000000000000e+00
3.740066343415032e-04 0.000000000000000e+00
3.670158609109511e-04 0.000000000000000e+00
3.601891366214910e-04 0.000000000000000e+00
3.535226288708899e-04 0.000000000000000e+00
3.470125943526576e-04 0.000000000000000e+00
3.406553769778011e-04 0.000000000000000e+00
3.344474058449280e-04 0.000000000000000e+00
3.283851932575755e-04 0.000000000000000e+00
3.224653327876658e-04 0.000000000000000e+00
3.166844973840133e-04 0.000000000000000e+00
3.110394375248379e-04 0.000000000000000e+00
3.055269794132584e-04 0.000000000000000e+00
3.001440232147665e-04 0.000000000000000e+00
2.948875413357058e-04 0.000000000000000e+00
2.897545767418003e-04 0.000000000000000e+00
2.847422413158009e-04 0.000000000000000e+00
2.798477142533402e-04 0.000000000000000e+00
2.750682404961067e-04 0.000000000000000e+00
2.704011292014698e-04 0.000000000000000e+00
2.658437522477066e-04 0.000000000000000e+00
2.613935427740052e-04 0.000000000000000e+00
2.570479937544305e-04 0.000000000000000e+00
2.528046566050679e-04 0.000000000000000e+00
2.486611398235682e-04 0.000000000000000e+00
2.446151076603430e-04 0.000000000000000e+00
2.406642788206725e-04 0.000000000000000e+00
2.368064251970075e-04 0.000000000000000e+00
2.330393706307622e-04 0.000000000000000e+00
2.293609897029128e-04 0.000000000000000e+00
2.257692065527304e-04 0.000000000000000e+00
2.222619937239948e-04 0.000000000000000e+00
2.188373710380491e-04 0.000000000000000e+00
2.154934044930707e-04 0.000000000000000e+00
2.122282051889496e-04 0.000000000000000e+00
2.090399282771767e-04 0.000000000000000e+00
2.059267719351621e-04 0.000000000000000e+00
2.028869763644127e-04 0.000000000000000e+00
1.999188228120171e-04 0.000000000000000e+00
1.970206326148919e-04 0.000000000000000e+00
1.941907662662632e-04 0.000000000000000e+00
1.914276225038642e-04 0.000000000000000e+00
1.887296374193433e-04 0.000000000000000e+00
1.860952835883907e-04 0.000000000000000e+00
1.835230692211008e-04 0.000000000000000e+00
1.810115373320991e-04 0.000000000000000e+00
1.785592649299744e-04 0.000000000000000e+00
1.761648622255674e-04 0.000000000000000e+00
1.738269718586760e-04 0.000000000000000e+00
1.715442681427497e-04 0.000000000000000e+00
1.693154563271551e-04 0.000000000000000e+00
1.671392718766017e-04 0.000000000000000e+00
1.650144797673309e-04 0.000000000000000e+00
1.629398737996775e-04 0.000000000000000e+00
1.609142759266221e-04 0.000000000000000e+00
1.589365355979633e-04 0.000000000000000e+00
1.570055291197463e-04 0.000000000000000e+00
1.551201590285917e-04 0.000000000000000e+00
1.532793534805801e-04 0.000000000000000e+00
1.514820656543519e-04 0.000000000000000e+00
1.497272731680920e-04 0.000000000000000e+00
1.480139775100777e-04 0.000000000000000e+00
1.463412034824722e-04 0.000000000000000e+00
1.447079986580570e-04 0.000000000000000e+00
1.431134328496028e-04 0.000000000000000e+00
1.415565975915817e-04 0.000000000000000e+00
1.400366056339384e-04 0.000000000000000e+00
1.385525904476350e-04 0.000000000000000e+00
1.371037057416995e-04 0.000000000000000e+00
1.356891249915074e-04 0.000000000000000e+00
1.343080409780376e-04 0.000000000000000e+00
1.329596653378443e-04 0.000000000000000e+00
1.316432281234996e-04 0.000000000000000e+00
1.303579773742588e-04 0.000000000000000e+00
1.291031786967144e-04 0.000000000000000e+00
1.278781148552040e-04 0.000000000000000e+00
1.266820853717460e-04 0.000000000000000e+00
1.255144061352821e-04 0.000000000000000e+00
1.243744090200085e-04 0.000000000000000e+00
1.232614415125863e-04 0.000000000000000e+00
1.221748663480228e-04 0.000000000000000e+00
1.211140611540230e-04 0.000000000000000e+00
1.200784181036149e-04 0.000000000000000e+00
1.190673435758536e-04 0.000000000000000e+00
1.180802578244192e-04 0.000000000000000e+00
1.171165946539233e-04 0.000000000000000e+00
1.161758011037450e-04 0.000000000000000e+00
1.152573371392212e-04 0.000000000000000e+00
1.143606753500208e-04 0.000000000000000e+00
1.134853006555341e-04 0.000000000000000e+00
1.126307100171166e-04 0.000000000000000e+00
1.117964121570252e-04 0.000000000000000e+00
1.109819272838930e-04 0.000000000000000e+00
1.101867868245900e-04 0.000000000000000e+00
1.094105331623204e-04 0.000000000000000e+00
1.086527193808128e-04 0.000000000000000e+00
1.079129090144603e-04 0.000000000000000e+00
1.071906758042736e-04 0.000000000000000e+00
1.064856034595096e-04 0.000000000000000e+00
1.057972854248457e-04 0.000000000000000e+00
1.051253246529702e-04 0.000000000000000e+00
1.044693333824611e-04 0.000000000000000e+00
1.038289329208338e-04 0.000000000000000e+00
1.032037534326333e-04 0.000000000000000e+00
1.025934337324571e-04 0.000000000000000e+00
1.019976210827919e-04 0.000000000000000e+00
1.014159709965530e-04 0.000000000000000e+00
1.008481470442172e-04 0.000000000000000e+00
1.002938206654411e-04 0.000000000000000e+00
9.975267098506299e-05 0.000000000000000e+00
9.922438463338270e-05 0.000000000000000e+00
9.870865557062374e-05 0.000000000000000e+00
9.820518491547754e-05 0.000000000000000e+00
9.771368077763651e-05 0.000000000000000e+00
9.723385809422226e-05 0.000000000000000e+00
9.676543847001870e-05 0.000000000000000e+00
9.630815002142188e-05 0.000000000000000e+00
9.586172722401901e-05 0.000000000000000e+00
9.542591076371372e-05 0.000000000000000e+00
9.500044739131379e-05 0.000000000000000e+00
9.458508978050165e-05 0.000000000000000e+00
9.417959638910820e-05 0.000000000000000e+00
9.378373132361414e-05 0.000000000000000e+00
9.339726420680272e-05 0.000000000000000e+00
9.301997004849114e-05 0.000000000000000e+00
9.265162911926892e-05 0.000000000000000e+00
9.229202682717322e-05 0.000000000000000e+00
9.194095359723278e-05 0.000000000000000e+00
9.159820475381393e-05 0.000000000000000e+00
9.126358040570320e-05 0.000000000000000e+00
9.093688533386321e-05 0.000000000000000e+00
9.061792888179923e-05 0.000000000000000e+00
9.030652484847620e-05 0.000000000000000e+00
9.000249138372663e-05 0.000000000000000e+00
8.970565088609105e-05 0.000000000000000e+00
8.941582990303526e-05 0.000000000000000e+00
8.913285903348837e-05 0.000000000000000e+00
8.885657283264813e-05 0.000000000000000e+00
8.858680971900038e-05 0.000000000000000e+00
8.832341188350147e-05 0.000000000000000e+00
8.806622520087327e-05 0.000000000000000e+00
8.781509914296146e-05 0.000000000000000e+00
8.756988669410925e-05 0.000000000000000e+00
8.733044426849965e-05 0.000000000000000e+00
8.709663162942051e-05 0.000000000000000e+00
8.686831181040754e-05 0.000000000000000e+00
8.664535103822167e-05 0.000000000000000e+00
8.642761865761800e-05 0.000000000000000e+00
8.621498705786506e-05 0.000000000000000e+00
8.600733160097287e-05 0.000000000000000e+00
8.580453055159100e-05 0.000000000000000e+00
8.560646500853711e-05 0.000000000000000e+00
8.541301883791832e-05 0.000000000000000e+00
8.522407860780841e-05 0.000000000000000e+00
8.503953352444437e-05 0.000000000000000e+00
8.485927536990748e-05 0.000000000000000e+00
8.468319844125373e-05 0.000000000000000e+00
8.451119949106054e-05 0.000000000000000e+00
8.434317766935642e-05 0.000000000000000e+00
8.417903446690147e-05 0.000000000000000e+00
8.401867365978751e-05 0.000000000000000e+00
8.386200125532682e-05 0.000000000000000e+00
8.370892543919985e-05 0.000000000000000e+00
8.355935652383242e-05 0.000000000000000e+00
8.341320689797396e-05 0.000000000000000e+00
8.327039097744871e-05 0.000000000000000e+00
8.313082515705274e-05 0.000000000000000e+00
8.299442776357005e-05 0.000000000000000e+00
8.286111900988177e-05 0.000000000000000e+00
8.273082095014318e-05 0.000000000000000e+00
8.260345743600342e-05 0.000000000000000e+00
8.247895407384400e-05 0.000000000000000e+00
8.235723818301206e-05 0.000000000000000e+00
8.223823875502569e-05 0.000000000000000e+00
8.212188641372821e-05 0.000000000000000e+00
8.200811337636994e-05 0.000000000000000e+00
8.189685341559523e-05 0.000000000000000e+00
8.178804182231427e-05 0.000000000000000e+00
8.168161536943894e-05 0.000000000000000e+00
8.157751227646240e-05 0.000000000000000e+00
8.147567217486326e-05 0.000000000000000e+00
8.137603607431469e-05 0.000000000000000e+00
8.127854632968001e-05 0.000000000000000e+00
8.118314660877677e-05 0.000000000000000e+00
8.108978186089053e-05 0.000000000000000e+00
8.099839828602245e-05 0.000000000000000e+00
8.090894330485176e-05 0.000000000000000e+00
8.082136552939838e-05 0.000000000000000e+00
8.073561473436795e-05 0.000000000000000e+00
8.065164182916432e-05 0.000000000000000e+00
8.056939883055361e-05 0.000000000000000e+00
8.048883883596475e-05 0.000000000000000e+00
8.040991599741199e-05 0.000000000000000e+00
8.033258549602440e-05 0.000000000000000e+00
8.025680351716895e-05 0.000000000000000e+00
8.018252722615278e-05 0.000000000000000e+00
8.010971474449163e-05 0.000000000000000e+00
8.003832512673112e-05 0.000000000000000e+00
7.996831833780795e-05 0.000000000000000e+00
7.989965523093899e-05 0.000000000000000e+00
7.983229752602529e-05 0.000000000000000e+00
7.976620778855948e-05 0.000000000000000e+00
7.970134940902507e-05 0.000000000000000e+00
7.963768658277585e-05 0.000000000000000e+00
7.957518429038442e-05 0.000000000000000e+00
7.951380827844917e-05 0.000000000000000e+00
7.945352504084873e-05 0.000000000000000e+00
7.939430180043362e-05 0.000000000000000e+00
7.933610649114548e-05 0.000000000000000e+00
7.927890774055299e-05 0.000000000000000e+00
7.922267485279598e-05 0.000000000000000e+00
7.916737779192719e-05 0.000000000000000e+00
7.911298716564338e-05 0.000000000000000e+00
7.905947420939617e-05 0.000000000000000e+00
7.900681077087413e-05 0.000000000000000e+00
7.895496929484751e-05 0.000000000000000e+00
7.890392280836705e-05 0.000000000000000e+00
7.885364490630896e-05 0.000000000000000e+00
7.880410973725784e-05 0.000000000000000e+00
7.875529198971978e-05 0.000000000000000e+00
7.870716687865826e-05 0.000000000000000e+00
7.865971013234485e-05 0.000000000000000e+00
7.861289797951822e-05 0.000000000000000e+00
7.856670713684354e-05 0.000000000000000e+00
7.852111479666606e-05 0.000000000000000e+00
7.847609861505147e-05 0.000000000000000e+00
7.843163670010690e-05 0.000000000000000e+00
7.838770760057580e-05 0.000000000000000e+00
7.834429029470077e-05 0.000000000000000e+00
7.830136417934752e-05 0.000000000000000e+00
7.825890905938469e-05 0.000000000000000e+00
7.821690513731322e-05 0.000000000000000e+00
7.817533300313947e-05 0.000000000000000e+00
7.813417362448695e-05 0.000000000000000e+00
7.809340833694059e-05 0.000000000000000e+00
7.805301883461874e-05 0.000000000000000e+00
7.801298716096729e-05 0.000000000000000e+00
7.797329569977098e-05 0.000000000000000e+00
7.793392716637716e-05 0.000000000000000e+00
7.789486459912657e-05 0.000000000000000e+00
7.785609135098700e-05 0.000000000000000e+00
7.781759108138476e-05 0.000000000000000e+00
7.777934774822976e-05 0.000000000000000e+00
7.774134560012951e-05 0.000000000000000e+00
7.770356916878784e-05 0.000000000000000e+00
7.766600326158435e-05 0.000000000000000e+00
7.762863295433007e-05 0.000000000000000e+00
7.759144358419552e-05 0.000000000000000e+00
7.755442074280744e-05 0.000000000000000e+00
7.751755026950985e-05 0.000000000000000e+00
7.748081824478640e-05 0.000000000000000e+00
7.744421098383965e-05 0.000000000000000e+00
7.740771503032430e-05 0.000000000000000e+00
7.737131715023049e-05 0.000000000000000e+00
7.733500432591401e-05 0.000000000000000e+00
7.729876375026985e-05 0.000000000000000e+00
7.726258282104641e-05 0.000000000000000e+00
7.722644913529625e-05 0.000000000000000e+00
7.719035048396147e-05 0.000000000000000e+00
7.715427484658950e-05 0.000000000000000e+00
7.711821038617745e-05 0.000000000000000e+00
7.708214544414141e-05 0.000000000000000e+00
7.704606853540811e-05 0.000000000000000e+00
7.700996834362633e-05 0.000000000000000e+00
7.697383371649520e-05 0.000000000000000e+00
7.693765366120688e-05 0.000000000000000e+00
7.690141734000109e-05 0.000000000000000e+00
7.686511406582893e-05 0.000000000000000e+00
7.682873329812355e-05 0.000000000000000e+00
7.679226463867533e-05 0.000000000000000e+00
7.675569782760938e-05 0.000000000000000e+00
7.671902273946294e-05 0.000000000000000e+00
7.668222937936019e-05 0.000000000000000e+00
7.664530787928330e-05 0.000000000000000e+00
7.660824849443622e-05 0.000000000000000e+00
7.657104159970043e-05 0.000000000000000e+00
7.653367768617980e-05 0.000000000000000e+00
7.649614735783302e-05 0.000000000000000e+00
7.645844132819145e-05 0.000000000000000e+00
7.642055041716088e-05 0.000000000000000e+00
7.638246554790493e-05 0.000000000000000e+00
7.634417774380841e-05 0.000000000000000e+00
7.630567812551946e-05 0.000000000000000e+00
7.626695790806781e-05 0.000000000000000e+00
7.622800839805833e-05 0.000000000000000e+00
7.618882099093795e-05 0.000000000000000e+00
7.614938716833410e-05 0.000000000000000e+00
7.610969849546377e-05 0.000000000000000e+00
7.606974661861094e-05 0.000000000000000e+00
7.602952326267158e-05 0.000000000000000e+00
7.598902022876438e-05 0.000000000000000e+00
7.594822939190570e-05 0.000000000000000e+00
7.590714269874815e-05 0.000000000000000e+00
7.586575216538018e-05 0.000000000000000e+00
7.582404987518677e-05 0.000000000000000e+00
7.578202797676878e-05 0.000000000000000e+00
7.573967868192063e-05 0.000000000000000e+00
7.569699426366429e-05 0.000000000000000e+00
7.565396705433920e-05 0.000000000000000e+00
7.561058944374609e-05 0.000000000000000e+00
7.556685387734467e-05 0.000000000000000e+00
7.552275285450270e-05 0.000000000000000e+00
7.547827892679682e-05 0.000000000000000e+00
7.543342469636294e-05 0.000000000000000e+00
7.538818281429576e-05 0.000000000000000e+00
7.534254597909631e-05 0.000000000000000e+00
7.529650693516650e-05 0.000000000000000e+00
7.525005847134960e-05 0.000000000000000e+00
7.520319341951596e-05 0.000000000000000e+00
7.515590465319283e-05 0.000000000000000e+00
7.510818508623762e-05 0.000000000000000e+00
7.506002767155356e-05 0.000000000000000e+00
7.501142539984688e-05 0.000000000000000e+00
7.496237129842479e-05 0.000000000000000e+00
7.491285843003350e-05 0.000000000000000e+00
7.486287989173538e-05 0.000000000000000e+00
7.481242881382435e-05 0.000000000000000e+00
7.476149835877918e-05 0.000000000000000e+00
7.471008172025342e-05 0.000000000000000e+00
7.465817212210178e-05 0.000000000000000e+00
7.460576281744169e-05 0.000000000000000e+00
7.455284708774993e-05 0.000000000000000e+00
7.449941824199316e-05 0.000000000000000e+00
7.444546961579197e-05 0.000000000000000e+00
7.439099457061792e-05 0.000000000000000e+00
7.433598649302239e-05 0.000000000000000e+00
7.428043879389742e-05 0.000000000000000e+00
7.422434490776724e-05 0.000000000000000e+00
7.416769829211023e-05 0.000000000000000e+00
7.411049242671086e-05 0.000000000000000e+00
7.405272081304065e-05 0.000000000000000e+00
7.399437697366799e-05 0.000000000000000e+00
7.393545445169618e-05 0.000000000000000e+00
7.387594681022878e-05 0.000000000000000e+00
7.381584763186259e-05 0.000000000000000e+00
7.375515051820681e-05 0.000000000000000e+00
7.369384908942869e-05 0.000000000000000e+00
7.363193698382451e-05 0.000000000000000e+00
7.356940785741604e-05 0.000000000000000e+00
7.350625538357149e-05 0.000000000000000e+00
7.344247325265090e-05 0.000000000000000e+00
7.337805517167536e-05 0.000000000000000e+00
7.331299486401950e-05 0.000000000000000e+00
7.324728606912699e-05 0.000000000000000e+00
7.318092254224883e-05 0.000000000000000e+00
7.311389805420343e-05 0.000000000000000e+00
7.304620639115885e-05 0.000000000000000e+00
7.297784135443597e-05 0.000000000000000e+00
7.290879676033304e-05 0.000000000000000e+00
7.283906643997078e-05 0.000000000000000e+00
7.276864423915733e-05 0.000000000000000e+00
7.269752401827380e-05 0.000000000000000e+00
7.262569965217852e-05 0.000000000000000e+00
7.255316503013125e-05 0.000000000000000e+00
7.247991405573577e-05 0.000000000000000e+00
7.240594064690112e-05 0.000000000000000e+00
7.233123873582092e-05 0.000000000000000e+00
7.225580226897085e-05 0.000000000000000e+00
7.217962520712336e-05 0.000000000000000e+00
7.210270152537967e-05 0.000000000000000e+00
7.202502521321888e-05 0.000000000000000e+00
7.194659027456359e-05 0.000000000000000e+00
7.186739072786184e-05 0.000000000000000e+00
7.178742060618512e-05 0.000000000000000e+00
7.170667395734221e-05 0.000000000000000e+00
7.162514484400835e-05 0.000000000000000e+00
7.154282734386981e-05 0.000000000000000e+00
7.145971554978325e-05 0.000000000000000e+00
7.137580356994977e-05 0.000000000000000e+00
7.129108552810351e-05 0.000000000000000e+00
7.120555556371407e-05 0.000000000000000e+00
7.111920783220325e-05 0.000000000000000e+00
7.103203650517503e-05 0.000000000000000e+00
7.094403577065918e-05 0.000000000000000e+00
7.085519983336795e-05 0.000000000000000e+00
7.076552291496565e-05 0.000000000000000e+00
7.067499925435081e-05 0.000000000000000e+00
7.058362310795104e-05 0.000000000000000e+00
7.049138875002973e-05 0.000000000000000e+00
7.039829047300493e-05 0.000000000000000e+00
7.030432258777994e-05 0.000000000000000e+00
7.020947942408542e-05 0.000000000000000e+00
7.011375533083261e-05 0.000000000000000e+00
7.001714467647805e-05 0.000000000000000e+00
6.991964184939857e-05 0.000000000000000e+00
6.982124125827746e-05 0.000000000000000e+00
6.972193733250068e-05 0.000000000000000e+00
6.962172452256357e-05 0.000000000000000e+00
6.952059730048738e-05 0.000000000000000e+00
6.941855016024559e-05 0.000000000000000e+00
6.931557761820003e-05 0.000000000000000e+00
6.921167421354613e-05 0.000000000000000e+00
6.910683450876762e-05 0.000000000000000e+00
6.900105309009998e-05 0.000000000000000e+00
6.889432456800284e-05 0.000000000000000e+00
6.878664357764097e-05 0.000000000000000e+00
6.867800477937356e-05 0.000000000000000e+00
6.856840285925184e-05 0.000000000000000e+00
6.845783252952467e-05 0.000000000000000e+00
6.834628852915193e-05 0.000000000000000e+00
6.823376562432556e-05 0.000000000000000e+00
6.812025860899798e-05 0.000000000000000e+00
6.800576230541798e-05 0.000000000000000e+00
6.789027156467341e-05 0.000000000000000e+00
6.777378126724097e-05 0.000000000000000e+00
6.765628632354249e-05 0.000000000000000e+00
6.753778167450807e-05 0.000000000000000e+00
6.741826229214505e-05 0.000000000000000e+00
6.729772318011362e-05 0.000000000000000e+00
6.717615937430817e-05 0.000000000000000e+00
6.705356594344434e-05 0.000000000000000e+00
6.692993798965192e-05 0.000000000000000e+00
6.680527064907296e-05 0.000000000000000e+00
6.667955909246525e-05 0.000000000000000e+00
6.655279852581090e-05 0.000000000000000e+00
6.642498419092959e-05 0.000000000000000e+00
6.629611136609694e-05 0.000000000000000e+00
6.616617536666701e-05 0.000000000000000e+00
6.603517154569930e-05 0.000000000000000e+00
6.590309529459019e-05 0.000000000000000e+00
6.576994204370793e-05 0.000000000000000e+00
6.563570726303189e-05 0.000000000000000e+00
6.550038646279519e-05 0.000000000000000e+00
6.536397519413099e-05 0.000000000000000e+00
6.522646904972201e-05 0.000000000000000e+00
6.508786366445318e-05 0.000000000000000e+00
6.494815471606735e-05 0.000000000000000e+00
6.480733792582363e-05 0.000000000000000e+00
6.466540905915857e-05 0.000000000000000e+00
6.452236392634955e-05 0.000000000000000e+00
6.437819838318072e-05 0.000000000000000e+00
6.423290833161074e-05 0.000000000000000e+00
6.408648972044267e-05 0.000000000000000e+00
6.393893854599560e-05 0.000000000000000e+00
6.379025085277772e-05 0.000000000000000e+00
6.364042273416096e-05 0.000000000000000e+00
6.348945033305688e-05 0.000000000000000e+00
6.333732984259353e-05 0.000000000000000e+00
6.318405750679328e-05 0.000000000000000e+00
6.302962962125133e-05 0.000000000000000e+00
6.287404253381495e-05 0.000000000000000e+00
6.271729264526288e-05 0.000000000000000e+00
6.255937640998511e-05 0.000000000000000e+00
6.240029033666268e-05 0.000000000000000e+00
6.224003098894736e-05 0.000000000000000e+00
6.207859498614100e-05 0.000000000000000e+00
6.191597900387458e-05 0.000000000000000e+00
6.175217977478642e-05 0.000000000000000e+00
6.158719408919978e-05 0.000000000000000e+00
6.142101879579937e-05 0.000000000000000e+00
6.125365080230689e-05 0.000000000000000e+00
6.108508707615503e-05 0.000000000000000e+00
6.091532464516041e-05 0.000000000000000e+00
6.074436059819427e-05 0.000000000000000e+00
6.057219208585209e-05 0.000000000000000e+00
6.039881632112068e-05 0.000000000000000e+00
6.022423058004338e-05 0.000000000000000e+00
6.004843220238295e-05 0.000000000000000e+00
5.987141859228201e-05 0.000000000000000e+00
5.969318721892072e-05 0.000000000000000e+00
5.951373561717183e-05 0.000000000000000e+00
5.933306138825270e-05 0.000000000000000e+00
5.915116220037417e-05 0.000000000000000e+00
5.896803578938619e-05 0.000000000000000e+00
5.878367995942004e-05 0.000000000000000e+00
5.859809258352670e-05 0.000000000000000e+00
5.841127160431188e-05 0.000000000000000e+00
5.822321503456662e-05 0.000000000000000e+00
5.803392095789415e-05 0.000000000000000e+00
5.784338752933232e-05 0.000000000000000e+00
5.765161297597163e-05 0.000000000000000e+00
5.745859559756875e-05 0.000000000000000e+00
5.726433376715524e-05 0.000000000000000e+00
5.706882593164126e-05 0.000000000000000e+00
5.687207061241446e-05 0.000000000000000e+00
5.667406640593347e-05 0.000000000000000e+00
5.647481198431610e-05 0.000000000000000e+00
5.627430609592197e-05 0.000000000000000e+00
5.607254756592939e-05 0.000000000000000e+00
5.586953529690665e-05 0.000000000000000e+00
5.566526826937696e-05 0.000000000000000e+00
5.545974554237756e-05 0.000000000000000e+00
5.525296625401234e-05 0.000000000000000e+00
5.504492962199806e-05 0.000000000000000e+00
5.483563494420400e-05 0.000000000000000e+00
5.462508159918483e-05 0.000000000000000e+00
5.441326904670657e-05 0.000000000000000e+00
5.420019682826557e-05 0.000000000000000e+00
5.398586456760019e-05 0.000000000000000e+00
5.377027197119521e-05 0.000000000000000e+00
5.355341882877879e-05 0.000000000000000e+00
5.333530501381170e-05 0.000000000000000e+00
5.311593048396888e-05 0.000000000000000e+00
5.289529528161300e-05 0.000000000000000e+00
5.267339953426008e-05 0.000000000000000e+00
5.245024345503683e-05 0.000000000000000e+00
5.222582734312970e-05 0.000000000000000e+00
5.200015158422542e-05 0.000000000000000e+00
5.177321665094303e-05 0.000000000000000e+00
5.154502310325712e-05 0.000000000000000e+00
5.131557158891220e-05 0.000000000000000e+00
5.108486284382808e-05 0.000000000000000e+00
5.085289769249616e-05 0.000000000000000e+00
5.061967704836645e-05 0.000000000000000e+00
5.038520191422514e-05 0.000000000000000e+00
5.014947338256282e-05 0.000000000000000e+00
4.991249263593289e-05 0.000000000000000e+00
4.967426094730038e-05 0.000000000000000e+00
4.943477968038077e-05 0.000000000000000e+00
4.919405028996891e-05 0.000000000000000e+00
4.895207432225781e-05 0.000000000000000e+00
4.870885341514715e-05 0.000000000000000e+00
4.846438929854155e-05 0.000000000000000e+00
4.821868379463829e-05 0.000000000000000e+00
4.797173881820460e-05 0.000000000000000e+00
4.772355637684412e-05 0.000000000000000e+00
4.747413857125275e-05 0.000000000000000e+00
4.722348759546343e-05 0.000000000000000e+00
4.697160573708017e-05 0.000000000000000e+00
4.671849537750079e-05 0.000000000000000e+00
4.646415899212859e-05 0.000000000000000e+00
4.620859915057275e-05 0.000000000000000e+00
4.595181851683724e-05 0.000000000000000e+00
4.569381984949835e-05 0.000000000000000e+00
4.543460600187069e-05 0.000000000000000e+00
4.517417992216144e-05 0.000000000000000e+00
4.491254465361300e-05 0.000000000000000e+00
4.464970333463361e-05 0.000000000000000e+00
4.438565919891633e-05 0.000000000000000e+00
4.412041557554580e-05 0.000000000000000e+00
4.385397588909310e-05 0.000000000000000e+00
4.358634365969835e-05 0.000000000000000e+00
4.331752250314117e-05 0.000000000000000e+00
4.304751613089883e-05 0.000000000000000e+00
4.277632835019205e-05 0.000000000000000e+00
4.250396306401842e-05 0.000000000000000e+00
4.223042427117319e-05 0.000000000000000e+00
4.195571606625770e-05 0.000000000000000e+00
4.167984263967507e-05 0.000000000000000e+00
4.140280827761321e-05 0.000000000000000e+00
4.112461736201528e-05 0.000000000000000e+00
4.084527437053711e-05 0.000000000000000e+00
4.056478387649204e-05 0.000000000000000e+00
4.028315054878271e-05 0.000000000000000e+00
4.000037915182002e-05 0.000000000000000e+00
3.971647454542911e-05 0.000000000000000e+00
3.943144168474232e-05 0.000000000000000e+00
3.914528562007913e-05 0.000000000000000e+00
3.885801149681298e-05 0.000000000000000e+00
3.856962455522503e-05 0.000000000000000e+00
3.828013013034477e-05 0.000000000000000e+00
3.798953365177743e-05 0.000000000000000e+00
3.769784064351820e-05 0.000000000000000e+00
3.740505672375332e-05 0.000000000000000e+00
3.711118760464779e-05 0.000000000000000e+00
3.681623909211996e-05 0.000000000000000e+00
3.652021708560275e-05 0.000000000000000e+00
3.622312757779168e-05 0.000000000000000e+00
3.592497665437955e-05 0.000000000000000e+00
3.562577049377785e-05 0.000000000000000e+00
3.532551536682486e-05 0.000000000000000e+00
3.502421763648051e-05 0.000000000000000e+00
3.472188375750780e-05 0.000000000000000e+00
3.441852027614117e-05 0.000000000000000e+00
3.411413382974124e-05 0.000000000000000e+00
3.380873114643665e-05 0.000000000000000e+00
3.350231904475236e-05 0.000000000000000e+00
3.319490443322484e-05 0.000000000000000e+00
3.288649431000402e-05 0.000000000000000e+00
3.257709576244195e-05 0.000000000000000e+00
3.226671596666836e-05 0.000000000000000e+00
3.195536218715307e-05 0.000000000000000e+00
3.164304177625521e-05 0.000000000000000e+00
3.132976217375937e-05 0.000000000000000e+00
3.101553090639871e-05 0.000000000000000e+00
3.070035558736503e-05 0.000000000000000e+00
3.038424391580589e-05 0.000000000000000e+00
3.006720367630871e-05 0.000000000000000e+00
2.974924273837207e-05 0.000000000000000e+00
2.943036905586410e-05 0.000000000000000e+00
2.911059066646813e-05 0.000000000000000e+00
2.878991569111556e-05 0.000000000000000e+00
2.846835233340601e-05 0.000000000000000e+00
2.814590887901505e-05 0.000000000000000e+00
2.782259369508903e-05 0.000000000000000e+00
2.749841522962778e-05 0.000000000000000e+00
2.717338201085456e-05 0.000000000000000e+00
2.684750264657394e-05 0.000000000000000e+00
2.652078582351719e-05 0.000000000000000e+00
2.619324030667556e-05 0.000000000000000e+00
2.586487493862138e-05 0.000000000000000e+00
2.553569863881719e-05 0.000000000000000e+00
2.520572040291284e-05 0.000000000000000e+00
2.487494930203071e-05 0.000000000000000e+00
2.454339448203924e-05 0.000000000000000e+00
2.421106516281462e-05 0.000000000000000e+00
2.387797063749097e-05 0.000000000000000e+00
2.354412027169907e-05 0.000000000000000e+00
2.320952350279350e-05 0.000000000000000e+00
2.287418983906870e-05 0.000000000000000e+00
2.253812885896367e-05 0.000000000000000e+00
2.220135021025566e-05 0.000000000000000e+00
2.186386360924287e-05 0.000000000000000e+00
2.152567883991621e-05 0.000000000000000e+00
2.118680575312046e-05 0.000000000000000e+00
2.084725426570462e-05 0.000000000000000e+00
2.050703435966184e-05 0.000000000000000e+00
2.016615608125896e-05 0.000000000000000e+00
1.982462954015574e-05 0.000000000000000e+00
1.948246490851390e-05 0.000000000000000e+00
1.913967242009629e-05 0.000000000000000e+00
1.879626236935604e-05 0.000000000000000e+00
1.845224511051598e-05 0.000000000000000e+00
1.810763105663846e-05 0.000000000000000e+00
1.776243067868573e-05 0.000000000000000e+00
1.741665450457091e-05 0.000000000000000e+00
1.707031311819977e-05 0.000000000000000e+00
1.672341715850350e-05 0.000000000000000e+00
1.637597731846254e-05 0.000000000000000e+00
1.602800434412163e-05 0.000000000000000e+00
1.567950903359631e-05 0.000000000000000e+00
1.533050223607085e-05 0.000000000000000e+00
1.498099485078801e-05 0.000000000000000e+00
1.463099782603056e-05 0.000000000000000e+00
1.428052215809481e-05 0.000000000000000e+00
1.392957889025637e-05 0.000000000000000e+00
1.357817911172816e-05 0.000000000000000e+00
1.322633395661092e-05 0.000000000000000e+00
1.287405460283649e-05 0.000000000000000e+00
1.252135227110374e-05 0.000000000000000e+00
1.216823822380762e-05 0.000000000000000e+00
1.181472376396128e-05 0.000000000000000e+00
1.146082023411164e-05 0.000000000000000e+00
1.110653901524831e-05 0.000000000000000e+00
1.075189152570634e-05 0.000000000000000e+00
1.039688922006269e-05 0.000000000000000e+00
1.004154358802683e-05 0.000000000000000e+00
9.685866153325535e-06 0.000000000000000e+00
9.329868472581998e-06 0.000000000000000e+00
8.973562134189617e-06 0.000000000000000e+00
8.616958757180467e-06 0.000000000000000e+00
8.260069990088719e-06 0.000000000000000e+00
7.902907509809211e-06 0.000000000000000e+00
7.545483020451309e-06 0.000000000000000e+00
7.187808252188250e-06 0.000000000000000e+00
6.829894960102199e-06 0.000000000000000e+00
6.471754923025160e-06 0.000000000000000e+00
6.113399942375953e-06 0.000000000000000e+00
5.754841840993448e-06 0.000000000000000e+00
5.396092461966248e-06 0.000000000000000e+00
5.037163667459014e-06 0.000000000000000e+00
4.678067337535610e-06 0.000000000000000e+00
4.318815368979288e-06 0.000000000000000e+00
3.959419674110091e-06 0.000000000000000e+00
3.599892179599681e-06 0.000000000000000e+00
3.240244825283762e-06 0.000000000000000e+00
2.880489562972339e-06 0.000000000000000e+00
2.520638355257968e-06 0.000000000000000e+00
2.160703174322224e-06 0.000000000000000e+00
1.800696000740561e-06 0.000000000000000e+00
1.440628822285787e-06 0.000000000000000e+00
1.080513632730337e-06 0.000000000000000e+00
7.203624306475425e-07 0.000000000000000e+00
3.601872182121115e-07 0.000000000000000e+00
