1.102315396399291e-01 0.000000000000000e+00
2.002664092711835e-01 0.000000000000000e+00
2.735692083014628e-01 0.000000000000000e+00
3.329794645278650e-01 0.000000000000000e+00
3.808356580370721e-01 0.000000000000000e+00
4.190687468835756e-01 0.000000000000000e+00
4.492771942716191e-01 0.000000000000000e+00
4.727873821647185e-01 0.000000000000000e+00
4.907024184076141e-01 0.000000000000000e+00
5.039416906059225e-01 0.000000000000000e+00
5.132730175446484e-01 0.000000000000000e+00
5.193388594348154e-01 0.000000000000000e+00
5.226777448432461e-01 0.000000000000000e+00
5.237418348180514e-01 0.000000000000000e+00
5.229113583994296e-01 0.000000000000000e+00
5.205065069307238e-01 0.000000000000000e+00
5.167972585810368e-01 0.000000000000000e+00
5.120115125131026e-01 0.000000000000000e+00
5.063418389753626e-01 0.000000000000000e+00
4.999510932371026e-01 0.000000000000000e+00
4.929770945907657e-01 0.000000000000000e+00
4.855365341771249e-01 0.000000000000000e+00
4.777282452397627e-01 0.000000000000000e+00
4.696359450893329e-01 0.000000000000000e+00
4.613305383784717e-01 0.000000000000000e+00
4.528720553262465e-01 0.000000000000000e+00
4.443112855517182e-01 0.000000000000000e+00
4.356911575962094e-01 0.000000000000000e+00
4.270479055690167e-01 0.000000000000000e+00
4.184120572711030e-01 0.000000000000000e+00
4.098092723393675e-01 0.000000000000000e+00
4.012610541726406e-01 0.000000000000000e+00
3.927853554583718e-01 0.000000000000000e+00
3.843970938619047e-01 0.000000000000000e+00
3.761085917436854e-01 0.000000000000000e+00
3.679299515327961e-01 0.000000000000000e+00
3.598693765259124e-01 0.000000000000000e+00
3.519334453324515e-01 0.000000000000000e+00
3.441273468949342e-01 0.000000000000000e+00
3.364550819339692e-01 0.000000000000000e+00
3.289196357633650e-01 0.000000000000000e+00
3.215231266628207e-01 0.000000000000000e+00
3.142669333588304e-01 0.000000000000000e+00
3.071518046286391e-01 0.000000000000000e+00
3.001779535905534e-01 0.000000000000000e+00
2.933451388628373e-01 0.000000000000000e+00
2.866527344513191e-01 0.000000000000000e+00
2.800997899532025e-01 0.000000000000000e+00
2.736850824334841e-01 0.000000000000000e+00
2.674071611342420e-01 0.000000000000000e+00
2.612643860103731e-01 0.000000000000000e+00
2.552549609435060e-01 0.000000000000000e+00
2.493769623649758e-01 0.000000000000000e+00
2.436283639156525e-01 0.000000000000000e+00
2.380070576823858e-01 0.000000000000000e+00
2.325108724755609e-01 0.000000000000000e+00
2.271375895478396e-01 0.000000000000000e+00
2.218849560989709e-01 0.000000000000000e+00
2.167506968642143e-01 0.000000000000000e+00
2.117325240432809e-01 0.000000000000000e+00
2.068281457917765e-01 0.000000000000000e+00
2.020352734670881e-01 0.000000000000000e+00
1.973516277947995e-01 0.000000000000000e+00
1.927749440994372e-01 0.000000000000000e+00
1.883029767241337e-01 0.000000000000000e+00
1.839335027472104e-01 0.000000000000000e+00
1.796643250893575e-01 0.000000000000000e+00
1.754932750927068e-01 0.000000000000000e+00
1.714182146423855e-01 0.000000000000000e+00
1.674370378918592e-01 0.000000000000000e+00
1.635476726453521e-01 0.000000000000000e+00
1.597480814436611e-01 0.000000000000000e+00
1.560362623936495e-01 0.000000000000000e+00
1.524102497764622e-01 0.000000000000000e+00
1.488681144649548e-01 0.000000000000000e+00
1.454079641768775e-01 0.000000000000000e+00
1.420279435869148e-01 0.000000000000000e+00
1.387262343176954e-01 0.000000000000000e+00
1.355010548272839e-01 0.000000000000000e+00
1.323506602084033e-01 0.000000000000000e+00
1.292733419126624e-01 0.000000000000000e+00
1.262674274113470e-01 0.000000000000000e+00
1.233312798028329e-01 0.000000000000000e+00
1.204632973753741e-01 0.000000000000000e+00
1.176619131328809e-01 0.000000000000000e+00
1.149255942903063e-01 0.000000000000000e+00
1.122528417443937e-01 0.000000000000000e+00
1.096421895247806e-01 0.000000000000000e+00
1.070922042297902e-01 0.000000000000000e+00
1.046014844506689e-01 0.000000000000000e+00
1.021686601875175e-01 0.000000000000000e+00
9.979239225972904e-02 0.000000000000000e+00
9.747137171335615e-02 0.000000000000000e+00
9.520431922749811e-02 0.000000000000000e+00
9.298998452149987e-02 0.000000000000000e+00
9.082714576450282e-02 0.000000000000000e+00
8.871460898865884e-02 0.000000000000000e+00
8.665120750712522e-02 0.000000000000000e+00
8.463580133778673e-02 0.000000000000000e+00
8.266727663350068e-02 0.000000000000000e+00
8.074454511953201e-02 0.000000000000000e+00
7.886654353872986e-02 0.000000000000000e+00
7.703223310489973e-02 0.000000000000000e+00
7.524059896473773e-02 0.000000000000000e+00
7.349064966861873e-02 0.000000000000000e+00
7.178141665046522e-02 0.000000000000000e+00
7.011195371686590e-02 0.000000000000000e+00
6.848133654556458e-02 0.000000000000000e+00
6.688866219339766e-02 0.000000000000000e+00
6.533304861372025e-02 0.000000000000000e+00
6.381363418333036e-02 0.000000000000000e+00
6.232957723887292e-02 0.000000000000000e+00
6.088005562268134e-02 0.000000000000000e+00
5.946426623799517e-02 0.000000000000000e+00
5.808142461347437e-02 0.000000000000000e+00
5.673076447691666e-02 0.000000000000000e+00
5.541153733807238e-02 0.000000000000000e+00
5.412301208044031e-02 0.000000000000000e+00
5.286447456192023e-02 0.000000000000000e+00
5.163522722419053e-02 0.000000000000000e+00
5.043458871067358e-02 0.000000000000000e+00
4.926189349294718e-02 0.000000000000000e+00
4.811649150545699e-02 0.000000000000000e+00
4.699774778838201e-02 0.000000000000000e+00
4.590504213850340e-02 0.000000000000000e+00
4.483776876792615e-02 0.000000000000000e+00
4.379533597050172e-02 0.000000000000000e+00
4.277716579580056e-02 0.000000000000000e+00
4.178269373048284e-02 0.000000000000000e+00
4.081136838691727e-02 0.000000000000000e+00
3.986265119889831e-02 0.000000000000000e+00
3.893601612431333e-02 0.000000000000000e+00
3.803094935461330e-02 0.000000000000000e+00
3.714694903094159e-02 0.000000000000000e+00
3.628352496677795e-02 0.000000000000000e+00
3.544019837695623e-02 0.000000000000000e+00
3.461650161291670e-02 0.000000000000000e+00
3.381197790405614e-02 0.000000000000000e+00
3.302618110504085e-02 0.000000000000000e+00
3.225867544895020e-02 0.000000000000000e+00
3.150903530612072e-02 0.000000000000000e+00
3.077684494856309e-02 0.000000000000000e+00
3.006169831982664e-02 0.000000000000000e+00
2.936319881018857e-02 0.000000000000000e+00
2.868095903704758e-02 0.000000000000000e+00
2.801460063040350e-02 0.000000000000000e+00
2.736375402330777e-02 0.000000000000000e+00
2.672805824717105e-02 0.000000000000000e+00
2.610716073181744e-02 0.000000000000000e+00
2.550071711017644e-02 0.000000000000000e+00
2.490839102750659e-02 0.000000000000000e+00
2.432985395504681e-02 0.000000000000000e+00
2.376478500799359e-02 0.000000000000000e+00
2.321287076770473e-02 0.000000000000000e+00
2.267380510803211e-02 0.000000000000000e+00
2.214728902568849e-02 0.000000000000000e+00
2.163303047455515e-02 0.000000000000000e+00
2.113074420383948e-02 0.000000000000000e+00
2.064015159999352e-02 0.000000000000000e+00
2.016098053230654e-02 0.000000000000000e+00
1.969296520208663e-02 0.000000000000000e+00
1.923584599534820e-02 0.000000000000000e+00
1.878936933892434e-02 0.000000000000000e+00
1.835328755992448e-02 0.000000000000000e+00
1.792735874846005e-02 0.000000000000000e+00
1.751134662356217e-02 0.000000000000000e+00
1.710502040221751e-02 0.000000000000000e+00
1.670815467144974e-02 0.000000000000000e+00
1.632052926337625e-02 0.000000000000000e+00
1.594192913317071e-02 0.000000000000000e+00
1.557214423986420e-02 0.000000000000000e+00
1.521096942991905e-02 0.000000000000000e+00
1.485820432351072e-02 0.000000000000000e+00
1.451365320345516e-02 0.000000000000000e+00
1.417712490671991e-02 0.000000000000000e+00
1.384843271845902e-02 0.000000000000000e+00
1.352739426851319e-02 0.000000000000000e+00
1.321383143031759e-02 0.000000000000000e+00
1.290757022216180e-02 0.000000000000000e+00
1.260844071074670e-02 0.000000000000000e+00
1.231627691698537e-02 0.000000000000000e+00
1.203091672399547e-02 0.000000000000000e+00
1.175220178723235e-02 0.000000000000000e+00
1.147997744671304e-02 0.000000000000000e+00
1.121409264128245e-02 0.000000000000000e+00
1.095439982487440e-02 0.000000000000000e+00
1.070075488472095e-02 0.000000000000000e+00
1.045301706146482e-02 0.000000000000000e+00
1.021104887113059e-02 0.000000000000000e+00
9.974716028911397e-03 0.000000000000000e+00
9.743887374729034e-03 0.000000000000000e+00
9.518434800526008e-03 0.000000000000000e+00
9.298233179249441e-03 0.000000000000000e+00
9.083160295487360e-03 0.000000000000000e+00
8.873096777718945e-03 0.000000000000000e+00
8.667926032141197e-03 0.000000000000000e+00
8.467534178035382e-03 0.000000000000000e+00
8.271809984637352e-03 0.000000000000000e+00
8.080644809476834e-03 0.000000000000000e+00
7.893932538151450e-03 0.000000000000000e+00
7.711569525502125e-03 0.000000000000000e+00
7.533454538157269e-03 0.000000000000000e+00
7.359488698413852e-03 0.000000000000000e+00
7.189575429424323e-03 0.000000000000000e+00
7.023620401658947e-03 0.000000000000000e+00
6.861531480613901e-03 0.000000000000000e+00
6.703218675736133e-03 0.000000000000000e+00
6.548594090536690e-03 0.000000000000000e+00
6.397571873864842e-03 0.000000000000000e+00
6.250068172315997e-03 0.000000000000000e+00
6.106001083747044e-03 0.000000000000000e+00
5.965290611873322e-03 0.000000000000000e+00
5.827858621922084e-03 0.000000000000000e+00
5.693628797317843e-03 0.000000000000000e+00
5.562526597375611e-03 0.000000000000000e+00
5.434479215978555e-03 0.000000000000000e+00
5.309415541217198e-03 0.000000000000000e+00
5.187266115967750e-03 0.000000000000000e+00
5.067963099387751e-03 0.000000000000000e+00
4.951440229307664e-03 0.000000000000000e+00
4.837632785497572e-03 0.000000000000000e+00
4.726477553788620e-03 0.000000000000000e+00
4.617912791029306e-03 0.000000000000000e+00
4.511878190857205e-03 0.000000000000000e+00
4.408314850267141e-03 0.000000000000000e+00
4.307165236957279e-03 0.000000000000000e+00
4.208373157435045e-03 0.000000000000000e+00
4.111883725865167e-03 0.000000000000000e+00
4.017643333642599e-03 0.000000000000000e+00
3.925599619673445e-03 0.000000000000000e+00
3.835701441347400e-03 0.000000000000000e+00
3.747898846185644e-03 0.000000000000000e+00
3.662143044148436e-03 0.000000000000000e+00
3.578386380587092e-03 0.000000000000000e+00
3.496582309825324e-03 0.000000000000000e+00
3.416685369355318e-03 0.000000000000000e+00
3.338651154634224e-03 0.000000000000000e+00
3.262436294467116e-03 0.000000000000000e+00
3.187998426962744e-03 0.000000000000000e+00
3.115296176048763e-03 0.000000000000000e+00
3.044289128533431e-03 0.000000000000000e+00
2.974937811701045e-03 0.000000000000000e+00
2.907203671428699e-03 0.000000000000000e+00
2.841049050812236e-03 0.000000000000000e+00
2.776437169289534e-03 0.000000000000000e+00
2.713332102249591e-03 0.000000000000000e+00
2.651698761116044e-03 0.000000000000000e+00
2.591502873894125e-03 0.000000000000000e+00
2.532710966170280e-03 0.000000000000000e+00
2.475290342553873e-03 0.000000000000000e+00
2.419209068550717e-03 0.000000000000000e+00
2.364435952858400e-03 0.000000000000000e+00
2.310940530073536e-03 0.000000000000000e+00
2.258693043801430e-03 0.000000000000000e+00
2.207664430158720e-03 0.000000000000000e+00
2.157826301659901e-03 0.000000000000000e+00
2.109150931478789e-03 0.000000000000000e+00
2.061611238076174e-03 0.000000000000000e+00
2.015180770185184e-03 0.000000000000000e+00
1.969833692145990e-03 0.000000000000000e+00
1.925544769581768e-03 0.000000000000000e+00
1.882289355407945e-03 0.000000000000000e+00
1.840043376166981e-03 0.000000000000000e+00
1.798783318681121e-03 0.000000000000000e+00
1.758486217015714e-03 0.000000000000000e+00
1.719129639745865e-03 0.000000000000000e+00
1.680691677519374e-03 0.000000000000000e+00
1.643150930909051e-03 0.000000000000000e+00
1.606486498547699e-03 0.000000000000000e+00
1.570677965539155e-03 0.000000000000000e+00
1.535705392138990e-03 0.000000000000000e+00
1.501549302698595e-03 0.000000000000000e+00
1.468190674866497e-03 0.000000000000000e+00
1.435610929040949e-03 0.000000000000000e+00
1.403791918067931e-03 0.000000000000000e+00
1.372715917178861e-03 0.000000000000000e+00
1.342365614162427e-03 0.000000000000000e+00
1.312724099765097e-03 0.000000000000000e+00
1.283774858314998e-03 0.000000000000000e+00
1.255501758563943e-03 0.000000000000000e+00
1.227889044742550e-03 0.000000000000000e+00
1.200921327823483e-03 0.000000000000000e+00
1.174583576987979e-03 0.000000000000000e+00
1.148861111290927e-03 0.000000000000000e+00
1.123739591519877e-03 0.000000000000000e+00
1.099205012243474e-03 0.000000000000000e+00
1.075243694044902e-03 0.000000000000000e+00
1.051842275936032e-03 0.000000000000000e+00
1.028987707948084e-03 0.000000000000000e+00
1.006667243894669e-03 0.000000000000000e+00
9.848684343032263e-04 0.000000000000000e+00
9.635791195109251e-04 0.000000000000000e+00
9.427874229212017e-04 0.000000000000000e+00
9.224817444171996e-04 0.000000000000000e+00
9.026507539284607e-04 0.000000000000000e+00
8.832833851473020e-04 0.000000000000000e+00
8.643688293913892e-04 0.000000000000000e+00
8.458965296091152e-04 0.000000000000000e+00
8.278561745244500e-04 0.000000000000000e+00
8.102376929180276e-04 0.000000000000000e+00
7.930312480412886e-04 0.000000000000000e+00
7.762272321605916e-04 0.000000000000000e+00
7.598162612282651e-04 0.000000000000000e+00
7.437891696776459e-04 0.000000000000000e+00
7.281370053392188e-04 0.000000000000000e+00
7.128510244750448e-04 0.000000000000000e+00
6.979226869287163e-04 0.000000000000000e+00
6.833436513881604e-04 0.000000000000000e+00
6.691057707586571e-04 0.000000000000000e+00
6.552010876435132e-04 0.000000000000000e+00
6.416218299298846e-04 0.000000000000000e+00
6.283604064772992e-04 0.000000000000000e+00
6.154094029064939e-04 0.000000000000000e+00
6.027615774862284e-04 0.000000000000000e+00
5.904098571157988e-04 0.000000000000000e+00
5.783473334010211e-04 0.000000000000000e+00
5.665672588215129e-04 0.000000000000000e+00
5.550630429871474e-04 0.000000000000000e+00
5.438282489816042e-04 0.000000000000000e+00
5.328565897909915e-04 0.000000000000000e+00
5.221419248155606e-04 0.000000000000000e+00
5.116782564625763e-04 0.000000000000000e+00
5.014597268184603e-04 0.000000000000000e+00
4.914806143983574e-04 0.000000000000000e+00
4.817353309713261e-04 0.000000000000000e+00
4.722184184593941e-04 0.000000000000000e+00
4.629245459087593e-04 0.000000000000000e+00
4.538485065314559e-04 0.000000000000000e+00
4.449852148158502e-04 0.000000000000000e+00
4.363297037043613e-04 0.000000000000000e+00
4.278771218368418e-04 0.000000000000000e+00
4.196227308580954e-04 0.000000000000000e+00
4.115619027880334e-04 0.000000000000000e+00
4.036901174530167e-04 0.000000000000000e+00
3.960029599769578e-04 0.000000000000000e+00
3.884961183307929e-04 0.000000000000000e+00
3.811653809389660e-04 0.000000000000000e+00
3.740066343415980e-04 0.000000000000000e+00
3.670158609110457e-04 0.000000000000000e+00
3.601891366215853e-04 0.000000000000000e+00
3.535226288709840e-04 0.000000000000000e+00
3.470125943527514e-04 0.000000000000000e+00
3.406553769778946e-04 0.000000000000000e+00
3.344474058450211e-04 0.000000000000000e+00
3.283851932576685e-04 0.000000000000000e+00
3.224653327877585e-04 0.000000000000000e+00
3.166844973841057e-04 0.000000000000000e+00
3.110394375249300e-04 0.000000000000000e+00
3.055269794133501e-04 0.000000000000000e+00
3.001440232148581e-04 0.000000000000000e+00
2.948875413357971e-04 0.000000000000000e+00
2.897545767418916e-04 0.000000000000000e+00
2.847422413158918e-04 0.000000000000000e+00
2.798477142534307e-04 0.000000000000000e+00
2.750682404961970e-04 0.000000000000000e+00
2.704011292015597e-04 0.000000000000000e+00
2.658437522477964e-04 0.000000000000000e+00
2.613935427740947e-04 0.000000000000000e+00
2.570479937545197e-04 0.000000000000000e+00
2.528046566051569e-04 0.000000000000000e+00
2.486611398236570e-04 0.000000000000000e+00
2.446151076604315e-04 0.000000000000000e+00
2.406642788207607e-04 0.000000000000000e+00
2.368064251970955e-04 0.000000000000000e+00
2.330393706308500e-04 0.000000000000000e+00
2.293609897030004e-04 0.000000000000000e+00
2.257692065528179e-04 0.000000000000000e+00
2.222619937240821e-04 0.000000000000000e+00
2.188373710381361e-04 0.000000000000000e+00
2.154934044931575e-04 0.000000000000000e+00
2.122282051890361e-04 0.000000000000000e+00
2.090399282772631e-04 0.000000000000000e+00
2.059267719352482e-04 0.000000000000000e+00
2.028869763644986e-04 0.000000000000000e+00
1.999188228121028e-04 0.000000000000000e+00
1.970206326149773e-04 0.000000000000000e+00
1.941907662663486e-04 0.000000000000000e+00
1.914276225039494e-04 0.000000000000000e+00
1.887296374194283e-04 0.000000000000000e+00
1.860952835884755e-04 0.000000000000000e+00
1.835230692211854e-04 0.000000000000000e+00
1.810115373321835e-04 0.000000000000000e+00
1.785592649300587e-04 0.000000000000000e+00
1.761648622256515e-04 0.000000000000000e+00
1.738269718587599e-04 0.000000000000000e+00
1.715442681428334e-04 0.000000000000000e+00
1.693154563272387e-04 0.000000000000000e+00
1.671392718766850e-04 0.000000000000000e+00
1.650144797674141e-04 0.000000000000000e+00
1.629398737997606e-04 0.000000000000000e+00
1.609142759267051e-04 0.000000000000000e+00
1.589365355980461e-04 0.000000000000000e+00
1.570055291198289e-04 0.000000000000000e+00
1.551201590286741e-04 0.000000000000000e+00
1.532793534806624e-04 0.000000000000000e+00
1.514820656544340e-04 0.000000000000000e+00
1.497272731681740e-04 0.000000000000000e+00
1.480139775101596e-04 0.000000000000000e+00
1.463412034825539e-04 0.000000000000000e+00
1.447079986581387e-04 0.000000000000000e+00
1.431134328496842e-04 0.000000000000000e+00
1.415565975916630e-04 0.000000000000000e+00
1.400366056340195e-04 0.000000000000000e+00
1.385525904477160e-04 0.000000000000000e+00
1.371037057417804e-04 0.000000000000000e+00
1.356891249915882e-04 0.000000000000000e+00
1.343080409781182e-04 0.000000000000000e+00
1.329596653379249e-04 0.000000000000000e+00
1.316432281235800e-04 0.000000000000000e+00
1.303579773743391e-04 0.000000000000000e+00
1.291031786967947e-04 0.000000000000000e+00
1.278781148552841e-04 0.000000000000000e+00
1.266820853718260e-04 0.000000000000000e+00
1.255144061353620e-04 0.000000000000000e+00
1.243744090200884e-04 0.000000000000000e+00
1.232614415126660e-04 0.000000000000000e+00
1.221748663481024e-04 0.000000000000000e+00
1.211140611541026e-04 0.000000000000000e+00
1.200784181036944e-04 0.000000000000000e+00
1.190673435759329e-04 0.000000000000000e+00
1.180802578244984e-04 0.000000000000000e+00
1.171165946540024e-04 0.000000000000000e+00
1.161758011038240e-04 0.000000000000000e+00
1.152573371393002e-04 0.000000000000000e+00
1.143606753500997e-04 0.000000000000000e+00
1.134853006556129e-04 0.000000000000000e+00
1.126307100171953e-04 0.000000000000000e+00
1.117964121571038e-04 0.000000000000000e+00
1.109819272839716e-04 0.000000000000000e+00
1.101867868246686e-04 0.000000000000000e+00
1.094105331623989e-04 0.000000000000000e+00
1.086527193808912e-04 0.000000000000000e+00
1.079129090145387e-04 0.000000000000000e+00
1.071906758043519e-04 0.000000000000000e+00
1.064856034595879e-04 0.000000000000000e+00
1.057972854249240e-04 0.000000000000000e+00
1.051253246530483e-04 0.000000000000000e+00
1.044693333825392e-04 0.000000000000000e+00
1.038289329209119e-04 0.000000000000000e+00
1.032037534327114e-04 0.000000000000000e+00
1.025934337325351e-04 0.000000000000000e+00
1.019976210828699e-04 0.000000000000000e+00
1.014159709966310e-04 0.000000000000000e+00
1.008481470442951e-04 0.000000000000000e+00
1.002938206655190e-04 0.000000000000000e+00
9.975267098514084e-05 0.000000000000000e+00
9.922438463346048e-05 0.000000000000000e+00
9.870865557070150e-05 0.000000000000000e+00
9.820518491555529e-05 0.000000000000000e+00
9.771368077771422e-05 0.000000000000000e+00
9.723385809429993e-05 0.000000000000000e+00
9.676543847009634e-05 0.000000000000000e+00
9.630815002149944e-05 0.000000000000000e+00
9.586172722409653e-05 0.000000000000000e+00
9.542591076379122e-05 0.000000000000000e+00
9.500044739139129e-05 0.000000000000000e+00
9.458508978057908e-05 0.000000000000000e+00
9.417959638918558e-05 0.000000000000000e+00
9.378373132369149e-05 0.000000000000000e+00
9.339726420688001e-05 0.000000000000000e+00
9.301997004856843e-05 0.000000000000000e+00
9.265162911934618e-05 0.000000000000000e+00
9.229202682725047e-05 0.000000000000000e+00
9.194095359731001e-05 0.000000000000000e+00
9.159820475389113e-05 0.000000000000000e+00
9.126358040578040e-05 0.000000000000000e+00
9.093688533394035e-05 0.000000000000000e+00
9.061792888187631e-05 0.000000000000000e+00
9.030652484855330e-05 0.000000000000000e+00
9.000249138380371e-05 0.000000000000000e+00
8.970565088616809e-05 0.000000000000000e+00
8.941582990311225e-05 0.000000000000000e+00
8.913285903356536e-05 0.000000000000000e+00
8.885657283272511e-05 0.000000000000000e+00
8.858680971907732e-05 0.000000000000000e+00
8.832341188357842e-05 0.000000000000000e+00
8.806622520095019e-05 0.000000000000000e+00
8.781509914303837e-05 0.000000000000000e+00
8.756988669418612e-05 0.000000000000000e+00
8.733044426857648e-05 0.000000000000000e+00
8.709663162949734e-05 0.000000000000000e+00
8.686831181048436e-05 0.000000000000000e+00
8.664535103829843e-05 0.000000000000000e+00
8.642761865769479e-05 0.000000000000000e+00
8.621498705794182e-05 0.000000000000000e+00
8.600733160104962e-05 0.000000000000000e+00
8.580453055166772e-05 0.000000000000000e+00
8.560646500861383e-05 0.000000000000000e+00
8.541301883799508e-05 0.000000000000000e+00
8.522407860788516e-05 0.000000000000000e+00
8.503953352452112e-05 0.000000000000000e+00
8.485927536998423e-05 0.000000000000000e+00
8.468319844133044e-05 0.000000000000000e+00
8.451119949113725e-05 0.000000000000000e+00
8.434317766943312e-05 0.000000000000000e+00
8.417903446697819e-05 0.000000000000000e+00
8.401867365986421e-05 0.000000000000000e+00
8.386200125540349e-05 0.000000000000000e+00
8.370892543927653e-05 0.000000000000000e+00
8.355935652390909e-05 0.000000000000000e+00
8.341320689805064e-05 0.000000000000000e+00
8.327039097752541e-05 0.000000000000000e+00
8.313082515712942e-05 0.000000000000000e+00
8.299442776364670e-05 0.000000000000000e+00
8.286111900995844e-05 0.000000000000000e+00
8.273082095021983e-05 0.000000000000000e+00
8.260345743608007e-05 0.000000000000000e+00
8.247895407392061e-05 0.000000000000000e+00
8.235723818308870e-05 0.000000000000000e+00
8.223823875510230e-05 0.000000000000000e+00
8.212188641380486e-05 0.000000000000000e+00
8.200811337644660e-05 0.000000000000000e+00
8.189685341567189e-05 0.000000000000000e+00
8.178804182239092e-05 0.000000000000000e+00
8.168161536951558e-05 0.000000000000000e+00
8.157751227653904e-05 0.000000000000000e+00
8.147567217493990e-05 0.000000000000000e+00
8.137603607439131e-05 0.000000000000000e+00
8.127854632975665e-05 0.000000000000000e+00
8.118314660885338e-05 0.000000000000000e+00
8.108978186096717e-05 0.000000000000000e+00
8.099839828609906e-05 0.000000000000000e+00
8.090894330492838e-05 0.000000000000000e+00
8.082136552947502e-05 0.000000000000000e+00
8.073561473444457e-05 0.000000000000000e+00
8.065164182924094e-05 0.000000000000000e+00
8.056939883063022e-05 0.000000000000000e+00
8.048883883604136e-05 0.000000000000000e+00
8.040991599748859e-05 0.000000000000000e+00
8.033258549610100e-05 0.000000000000000e+00
8.025680351724554e-05 0.000000000000000e+00
8.018252722622936e-05 0.000000000000000e+00
8.010971474456819e-05 0.000000000000000e+00
8.003832512680766e-05 0.000000000000000e+00
7.996831833788450e-05 0.000000000000000e+00
7.989965523101558e-05 0.000000000000000e+00
7.983229752610186e-05 0.000000000000000e+00
7.976620778863605e-05 0.000000000000000e+00
7.970134940910164e-05 0.000000000000000e+00
7.963768658285242e-05 0.000000000000000e+00
7.957518429046102e-05 0.000000000000000e+00
7.951380827852577e-05 0.000000000000000e+00
7.945352504092533e-05 0.000000000000000e+00
7.939430180051022e-05 0.000000000000000e+00
7.933610649122206e-05 0.000000000000000e+00
7.927890774062959e-05 0.000000000000000e+00
7.922267485287255e-05 0.000000000000000e+00
7.916737779200379e-05 0.000000000000000e+00
7.911298716571996e-05 0.000000000000000e+00
7.905947420947273e-05 0.000000000000000e+00
7.900681077095068e-05 0.000000000000000e+00
7.895496929492406e-05 0.000000000000000e+00
7.890392280844358e-05 0.000000000000000e+00
7.885364490638548e-05 0.000000000000000e+00
7.880410973733435e-05 0.000000000000000e+00
7.875529198979630e-05 0.000000000000000e+00
7.870716687873473e-05 0.000000000000000e+00
7.865971013242130e-05 0.000000000000000e+00
7.861289797959467e-05 0.000000000000000e+00
7.856670713691998e-05 0.000000000000000e+00
7.852111479674251e-05 0.000000000000000e+00
7.847609861512790e-05 0.000000000000000e+00
7.843163670018329e-05 0.000000000000000e+00
7.838770760065219e-05 0.000000000000000e+00
7.834429029477714e-05 0.000000000000000e+00
7.830136417942388e-05 0.000000000000000e+00
7.825890905946106e-05 0.000000000000000e+00
7.821690513738957e-05 0.000000000000000e+00
7.817533300321583e-05 0.000000000000000e+00
7.813417362456330e-05 0.000000000000000e+00
7.809340833701695e-05 0.000000000000000e+00
7.805301883469509e-05 0.000000000000000e+00
7.801298716104359e-05 0.000000000000000e+00
7.797329569984726e-05 0.000000000000000e+00
7.793392716645344e-05 0.000000000000000e+00
7.789486459920283e-05 0.000000000000000e+00
7.785609135106325e-05 0.000000000000000e+00
7.781759108146100e-05 0.000000000000000e+00
7.777934774830602e-05 0.000000000000000e+00
7.774134560020572e-05 0.000000000000000e+00
7.770356916886406e-05 0.000000000000000e+00
7.766600326166057e-05 0.000000000000000e+00
7.762863295440625e-05 0.000000000000000e+00
7.759144358427173e-05 0.000000000000000e+00
7.755442074288363e-05 0.000000000000000e+00
7.751755026958600e-05 0.000000000000000e+00
7.748081824486249e-05 0.000000000000000e+00
7.744421098391571e-05 0.000000000000000e+00
7.740771503040034e-05 0.000000000000000e+00
7.737131715030652e-05 0.000000000000000e+00
7.733500432599001e-05 0.000000000000000e+00
7.729876375034585e-05 0.000000000000000e+00
7.726258282112238e-05 0.000000000000000e+00
7.722644913537224e-05 0.000000000000000e+00
7.719035048403741e-05 0.000000000000000e+00
7.715427484666543e-05 0.000000000000000e+00
7.711821038625338e-05 0.000000000000000e+00
7.708214544421733e-05 0.000000000000000e+00
7.704606853548403e-05 0.000000000000000e+00
7.700996834370223e-05 0.000000000000000e+00
7.697383371657105e-05 0.000000000000000e+00
7.693765366128272e-05 0.000000000000000e+00
7.690141734007693e-05 0.000000000000000e+00
7.686511406590473e-05 0.000000000000000e+00
7.682873329819931e-05 0.000000000000000e+00
7.679226463875109e-05 0.000000000000000e+00
7.675569782768514e-05 0.000000000000000e+00
7.671902273953864e-05 0.000000000000000e+00
7.668222937943591e-05 0.000000000000000e+00
7.664530787935895e-05 0.000000000000000e+00
7.660824849451187e-05 0.000000000000000e+00
7.657104159977607e-05 0.000000000000000e+00
7.653367768625541e-05 0.000000000000000e+00
7.649614735790860e-05 0.000000000000000e+00
7.645844132826701e-05 0.000000000000000e+00
7.642055041723646e-05 0.000000000000000e+00
7.638246554798046e-05 0.000000000000000e+00
7.634417774388394e-05 0.000000000000000e+00
7.630567812559497e-05 0.000000000000000e+00
7.626695790814330e-05 0.000000000000000e+00
7.622800839813381e-05 0.000000000000000e+00
7.618882099101340e-05 0.000000000000000e+00
7.614938716840952e-05 0.000000000000000e+00
7.610969849553915e-05 0.000000000000000e+00
7.606974661868628e-05 0.000000000000000e+00
7.602952326274689e-05 0.000000000000000e+00
7.598902022883966e-05 0.000000000000000e+00
7.594822939198097e-05 0.000000000000000e+00
7.590714269882337e-05 0.000000000000000e+00
7.586575216545537e-05 0.000000000000000e+00
7.582404987526192e-05 0.000000000000000e+00
7.578202797684391e-05 0.000000000000000e+00
7.573967868199572e-05 0.000000000000000e+00
7.569699426373936e-05 0.000000000000000e+00
7.565396705441422e-05 0.000000000000000e+00
7.561058944382111e-05 0.000000000000000e+00
7.556685387741962e-05 0.000000000000000e+00
7.552275285457763e-05 0.000000000000000e+00
7.547827892687172e-05 0.000000000000000e+00
7.543342469643780e-05 0.000000000000000e+00
7.538818281437058e-05 0.000000000000000e+00
7.534254597917112e-05 0.000000000000000e+00
7.529650693524127e-05 0.000000000000000e+00
7.525005847142433e-05 0.000000000000000e+00
7.520319341959065e-05 0.000000000000000e+00
7.515590465326745e-05 0.000000000000000e+00
7.510818508631220e-05 0.000000000000000e+00
7.506002767162811e-05 0.000000000000000e+00
7.501142539992135e-05 0.000000000000000e+00
7.496237129849922e-05 0.000000000000000e+00
7.491285843010788e-05 0.000000000000000e+00
7.486287989180970e-05 0.000000000000000e+00
7.481242881389863e-05 0.000000000000000e+00
7.476149835885342e-05 0.000000000000000e+00
7.471008172032766e-05 0.000000000000000e+00
7.465817212217594e-05 0.000000000000000e+00
7.460576281751580e-05 0.000000000000000e+00
7.455284708782401e-05 0.000000000000000e+00
7.449941824206715e-05 0.000000000000000e+00
7.444546961586594e-05 0.000000000000000e+00
7.439099457069183e-05 0.000000000000000e+00
7.433598649309626e-05 0.000000000000000e+00
7.428043879397125e-05 0.000000000000000e+00
7.422434490784102e-05 0.000000000000000e+00
7.416769829218395e-05 0.000000000000000e+00
7.411049242678452e-05 0.000000000000000e+00
7.405272081311426e-05 0.000000000000000e+00
7.399437697374158e-05 0.000000000000000e+00
7.393545445176969e-05 0.000000000000000e+00
7.387594681030225e-05 0.000000000000000e+00
7.381584763193599e-05 0.000000000000000e+00
7.375515051828019e-05 0.000000000000000e+00
7.369384908950201e-05 0.000000000000000e+00
7.363193698389781e-05 0.000000000000000e+00
7.356940785748926e-05 0.000000000000000e+00
7.350625538364464e-05 0.000000000000000e+00
7.344247325272400e-05 0.000000000000000e+00
7.337805517174842e-05 0.000000000000000e+00
7.331299486409249e-05 0.000000000000000e+00
7.324728606919992e-05 0.000000000000000e+00
7.318092254232168e-05 0.000000000000000e+00
7.311389805427625e-05 0.000000000000000e+00
7.304620639123157e-05 0.000000000000000e+00
7.297784135450862e-05 0.000000000000000e+00
7.290879676040567e-05 0.000000000000000e+00
7.283906644004333e-05 0.000000000000000e+00
7.276864423922984e-05 0.000000000000000e+00
7.269752401834621e-05 0.000000000000000e+00
7.262569965225087e-05 0.000000000000000e+00
7.255316503020354e-05 0.000000000000000e+00
7.247991405580799e-05 0.000000000000000e+00
7.240594064697322e-05 0.000000000000000e+00
7.233123873589296e-05 0.000000000000000e+00
7.225580226904282e-05 0.000000000000000e+00
7.217962520719523e-05 0.000000000000000e+00
7.210270152545145e-05 0.000000000000000e+00
7.202502521329059e-05 0.000000000000000e+00
7.194659027463523e-05 0.000000000000000e+00
7.186739072793339e-05 0.000000000000000e+00
7.178742060625661e-05 0.000000000000000e+00
7.170667395741359e-05 0.000000000000000e+00
7.162514484407965e-05 0.000000000000000e+00
7.154282734394104e-05 0.000000000000000e+00
7.145971554985440e-05 0.000000000000000e+00
7.137580357002084e-05 0.000000000000000e+00
7.129108552817449e-05 0.000000000000000e+00
7.120555556378497e-05 0.000000000000000e+00
7.111920783227408e-05 0.000000000000000e+00
7.103203650524575e-05 0.000000000000000e+00
7.094403577072981e-05 0.000000000000000e+00
7.085519983343848e-05 0.000000000000000e+00
7.076552291503606e-05 0.000000000000000e+00
7.067499925442117e-05 0.000000000000000e+00
7.058362310802131e-05 0.000000000000000e+00
7.049138875009991e-05 0.000000000000000e+00
7.039829047307504e-05 0.000000000000000e+00
7.030432258784997e-05 0.000000000000000e+00
7.020947942415533e-05 0.000000000000000e+00
7.011375533090248e-05 0.000000000000000e+00
7.001714467654780e-05 0.000000000000000e+00
6.991964184946825e-05 0.000000000000000e+00
6.982124125834702e-05 0.000000000000000e+00
6.972193733257016e-05 0.000000000000000e+00
6.962172452263295e-05 0.000000000000000e+00
6.952059730055663e-05 0.000000000000000e+00
6.941855016031473e-05 0.000000000000000e+00
6.931557761826903e-05 0.000000000000000e+00
6.921167421361504e-05 0.000000000000000e+00
6.910683450883645e-05 0.000000000000000e+00
6.900105309016871e-05 0.000000000000000e+00
6.889432456807146e-05 0.000000000000000e+00
6.878664357770948e-05 0.000000000000000e+00
6.867800477944196e-05 0.000000000000000e+00
6.856840285932013e-05 0.000000000000000e+00
6.845783252959286e-05 0.000000000000000e+00
6.834628852922002e-05 0.000000000000000e+00
6.823376562439351e-05 0.000000000000000e+00
6.812025860906585e-05 0.000000000000000e+00
6.800576230548570e-05 0.000000000000000e+00
6.789027156474102e-05 0.000000000000000e+00
6.777378126730846e-05 0.000000000000000e+00
6.765628632360989e-05 0.000000000000000e+00
6.753778167457532e-05 0.000000000000000e+00
6.741826229221217e-05 0.000000000000000e+00
6.729772318018063e-05 0.000000000000000e+00
6.717615937437506e-05 0.000000000000000e+00
6.705356594351109e-05 0.000000000000000e+00
6.692993798971855e-05 0.000000000000000e+00
6.680527064913947e-05 0.000000000000000e+00
6.667955909253165e-05 0.000000000000000e+00
6.655279852587713e-05 0.000000000000000e+00
6.642498419099572e-05 0.000000000000000e+00
6.629611136616297e-05 0.000000000000000e+00
6.616617536673287e-05 0.000000000000000e+00
6.603517154576505e-05 0.000000000000000e+00
6.590309529465582e-05 0.000000000000000e+00
6.576994204377341e-05 0.000000000000000e+00
6.563570726309723e-05 0.000000000000000e+00
6.550038646286040e-05 0.000000000000000e+00
6.536397519419607e-05 0.000000000000000e+00
6.522646904978694e-05 0.000000000000000e+00
6.508786366451798e-05 0.000000000000000e+00
6.494815471613200e-05 0.000000000000000e+00
6.480733792588811e-05 0.000000000000000e+00
6.466540905922291e-05 0.000000000000000e+00
6.452236392641377e-05 0.000000000000000e+00
6.437819838324479e-05 0.000000000000000e+00
6.423290833167466e-05 0.000000000000000e+00
6.408648972050648e-05 0.000000000000000e+00
6.393893854605924e-05 0.000000000000000e+00
6.379025085284121e-05 0.000000000000000e+00
6.364042273422431e-05 0.000000000000000e+00
6.348945033312009e-05 0.000000000000000e+00
6.333732984265659e-05 0.000000000000000e+00
6.318405750685618e-05 0.000000000000000e+00
6.302962962131409e-05 0.000000000000000e+00
6.287404253387755e-05 0.000000000000000e+00
6.271729264532532e-05 0.000000000000000e+00
6.255937641004739e-05 0.000000000000000e+00
6.240029033672478e-05 0.000000000000000e+00
6.224003098900926e-05 0.000000000000000e+00
6.207859498620275e-05 0.000000000000000e+00
6.191597900393618e-05 0.000000000000000e+00
6.175217977484787e-05 0.000000000000000e+00
6.158719408926107e-05 0.000000000000000e+00
6.142101879586049e-05 0.000000000000000e+00
6.125365080236784e-05 0.000000000000000e+00
6.108508707621583e-05 0.000000000000000e+00
6.091532464522101e-05 0.000000000000000e+00
6.074436059825471e-05 0.000000000000000e+00
6.057219208591236e-05 0.000000000000000e+00
6.039881632118077e-05 0.000000000000000e+00
6.022423058010330e-05 0.000000000000000e+00
6.004843220244272e-05 0.000000000000000e+00
5.987141859234160e-05 0.000000000000000e+00
5.969318721898012e-05 0.000000000000000e+00
5.951373561723105e-05 0.000000000000000e+00
5.933306138831175e-05 0.000000000000000e+00
5.915116220043304e-05 0.000000000000000e+00
5.896803578944490e-05 0.000000000000000e+00
5.878367995947856e-05 0.000000000000000e+00
5.859809258358507e-05 0.000000000000000e+00
5.841127160437004e-05 0.000000000000000e+00
5.822321503462461e-05 0.000000000000000e+00
5.803392095795195e-05 0.000000000000000e+00
5.784338752938991e-05 0.000000000000000e+00
5.765161297602905e-05 0.000000000000000e+00
5.745859559762600e-05 0.000000000000000e+00
5.726433376721226e-05 0.000000000000000e+00
5.706882593169809e-05 0.000000000000000e+00
5.687207061247108e-05 0.000000000000000e+00
5.667406640598990e-05 0.000000000000000e+00
5.647481198437233e-05 0.000000000000000e+00
5.627430609597797e-05 0.000000000000000e+00
5.607254756598518e-05 0.000000000000000e+00
5.586953529696224e-05 0.000000000000000e+00
5.566526826943235e-05 0.000000000000000e+00
5.545974554243275e-05 0.000000000000000e+00
5.525296625406732e-05 0.000000000000000e+00
5.504492962205284e-05 0.000000000000000e+00
5.483563494425857e-05 0.000000000000000e+00
5.462508159923919e-05 0.000000000000000e+00
5.441326904676073e-05 0.000000000000000e+00
5.420019682831954e-05 0.000000000000000e+00
5.398586456765395e-05 0.000000000000000e+00
5.377027197124877e-05 0.000000000000000e+00
5.355341882883212e-05 0.000000000000000e+00
5.333530501386481e-05 0.000000000000000e+00
5.311593048402176e-05 0.000000000000000e+00
5.289529528166567e-05 0.000000000000000e+00
5.267339953431254e-05 0.000000000000000e+00
5.245024345508908e-05 0.000000000000000e+00
5.222582734318173e-05 0.000000000000000e+00
5.200015158427722e-05 0.000000000000000e+00
5.177321665099461e-05 0.000000000000000e+00
5.154502310330849e-05 0.000000000000000e+00
5.131557158896335e-05 0.000000000000000e+00
5.108486284387900e-05 0.000000000000000e+00
5.085289769254686e-05 0.000000000000000e+00
5.061967704841690e-05 0.000000000000000e+00
5.038520191427535e-05 0.000000000000000e+00
5.014947338261280e-05 0.000000000000000e+00
4.991249263598263e-05 0.000000000000000e+00
4.967426094734989e-05 0.000000000000000e+00
4.943477968043004e-05 0.000000000000000e+00
4.919405029001793e-05 0.000000000000000e+00
4.895207432230658e-05 0.000000000000000e+00
4.870885341519567e-05 0.000000000000000e+00
4.846438929858982e-05 0.000000000000000e+00
4.821868379468632e-05 0.000000000000000e+00
4.797173881825237e-05 0.000000000000000e+00
4.772355637689165e-05 0.000000000000000e+00
4.747413857130002e-05 0.000000000000000e+00
4.722348759551046e-05 0.000000000000000e+00
4.697160573712694e-05 0.000000000000000e+00
4.671849537754731e-05 0.000000000000000e+00
4.646415899217488e-05 0.000000000000000e+00
4.620859915061880e-05 0.000000000000000e+00
4.595181851688303e-05 0.000000000000000e+00
4.569381984954388e-05 0.000000000000000e+00
4.543460600191596e-05 0.000000000000000e+00
4.517417992220645e-05 0.000000000000000e+00
4.491254465365771e-05 0.000000000000000e+00
4.464970333467807e-05 0.000000000000000e+00
4.438565919896052e-05 0.000000000000000e+00
4.412041557558975e-05 0.000000000000000e+00
4.385397588913677e-05 0.000000000000000e+00
4.358634365974176e-05 0.000000000000000e+00
4.331752250318431e-05 0.000000000000000e+00
4.304751613094170e-05 0.000000000000000e+00
4.277632835023467e-05 0.000000000000000e+00
4.250396306406077e-05 0.000000000000000e+00
4.223042427121527e-05 0.000000000000000e+00
4.195571606629952e-05 0.000000000000000e+00
4.167984263971661e-05 0.000000000000000e+00
4.140280827765448e-05 0.000000000000000e+00
4.112461736205626e-05 0.000000000000000e+00
4.084527437057783e-05 0.000000000000000e+00
4.056478387653246e-05 0.000000000000000e+00
4.028315054882285e-05 0.000000000000000e+00
4.000037915185990e-05 0.000000000000000e+00
3.971647454546871e-05 0.000000000000000e+00
3.943144168478163e-05 0.000000000000000e+00
3.914528562011815e-05 0.000000000000000e+00
3.885801149685172e-05 0.000000000000000e+00
3.856962455526348e-05 0.000000000000000e+00
3.828013013038294e-05 0.000000000000000e+00
3.798953365181530e-05 0.000000000000000e+00
3.769784064355577e-05 0.000000000000000e+00
3.740505672379061e-05 0.000000000000000e+00
3.711118760468478e-05 0.000000000000000e+00
3.681623909215666e-05 0.000000000000000e+00
3.652021708563915e-05 0.000000000000000e+00
3.622312757782778e-05 0.000000000000000e+00
3.592497665441534e-05 0.000000000000000e+00
3.562577049381334e-05 0.000000000000000e+00
3.532551536686006e-05 0.000000000000000e+00
3.502421763651541e-05 0.000000000000000e+00
3.472188375754240e-05 0.000000000000000e+00
3.441852027617545e-05 0.000000000000000e+00
3.411413382977522e-05 0.000000000000000e+00
3.380873114647032e-05 0.000000000000000e+00
3.350231904478572e-05 0.000000000000000e+00
3.319490443325791e-05 0.000000000000000e+00
3.288649431003677e-05 0.000000000000000e+00
3.257709576247440e-05 0.000000000000000e+00
3.226671596670051e-05 0.000000000000000e+00
3.195536218718491e-05 0.000000000000000e+00
3.164304177628674e-05 0.000000000000000e+00
3.132976217379058e-05 0.000000000000000e+00
3.101553090642958e-05 0.000000000000000e+00
3.070035558739560e-05 0.000000000000000e+00
3.038424391583615e-05 0.000000000000000e+00
3.006720367633865e-05 0.000000000000000e+00
2.974924273840170e-05 0.000000000000000e+00
2.943036905589342e-05 0.000000000000000e+00
2.911059066649714e-05 0.000000000000000e+00
2.878991569114423e-05 0.000000000000000e+00
2.846835233343438e-05 0.000000000000000e+00
2.814590887904309e-05 0.000000000000000e+00
2.782259369511675e-05 0.000000000000000e+00
2.749841522965515e-05 0.000000000000000e+00
2.717338201088161e-05 0.000000000000000e+00
2.684750264660066e-05 0.000000000000000e+00
2.652078582354360e-05 0.000000000000000e+00
2.619324030670163e-05 0.000000000000000e+00
2.586487493864712e-05 0.000000000000000e+00
2.553569863884261e-05 0.000000000000000e+00
2.520572040293793e-05 0.000000000000000e+00
2.487494930205548e-05 0.000000000000000e+00
2.454339448206369e-05 0.000000000000000e+00
2.421106516283873e-05 0.000000000000000e+00
2.387797063751475e-05 0.000000000000000e+00
2.354412027172251e-05 0.000000000000000e+00
2.320952350281661e-05 0.000000000000000e+00
2.287418983909147e-05 0.000000000000000e+00
2.253812885898611e-05 0.000000000000000e+00
2.220135021027777e-05 0.000000000000000e+00
2.186386360926464e-05 0.000000000000000e+00
2.152567883993766e-05 0.000000000000000e+00
2.118680575314158e-05 0.000000000000000e+00
2.084725426572539e-05 0.000000000000000e+00
2.050703435968228e-05 0.000000000000000e+00
2.016615608127906e-05 0.000000000000000e+00
1.982462954017548e-05 0.000000000000000e+00
1.948246490853330e-05 0.000000000000000e+00
1.913967242011536e-05 0.000000000000000e+00
1.879626236937476e-05 0.000000000000000e+00
1.845224511053435e-05 0.000000000000000e+00
1.810763105665649e-05 0.000000000000000e+00
1.776243067870342e-05 0.000000000000000e+00
1.741665450458826e-05 0.000000000000000e+00
1.707031311821677e-05 0.000000000000000e+00
1.672341715852016e-05 0.000000000000000e+00
1.637597731847886e-05 0.000000000000000e+00
1.602800434413761e-05 0.000000000000000e+00
1.567950903361194e-05 0.000000000000000e+00
1.533050223608613e-05 0.000000000000000e+00
1.498099485080294e-05 0.000000000000000e+00
1.463099782604514e-05 0.000000000000000e+00
1.428052215810905e-05 0.000000000000000e+00
1.392957889027026e-05 0.000000000000000e+00
1.357817911174169e-05 0.000000000000000e+00
1.322633395662410e-05 0.000000000000000e+00
1.287405460284932e-05 0.000000000000000e+00
1.252135227111622e-05 0.000000000000000e+00
1.216823822381974e-05 0.000000000000000e+00
1.181472376397306e-05 0.000000000000000e+00
1.146082023412307e-05 0.000000000000000e+00
1.110653901525939e-05 0.000000000000000e+00
1.075189152571706e-05 0.000000000000000e+00
1.039688922007306e-05 0.000000000000000e+00
1.004154358803685e-05 0.000000000000000e+00
9.685866153335190e-06 0.000000000000000e+00
9.329868472591302e-06 0.000000000000000e+00
8.973562134198567e-06 0.000000000000000e+00
8.616958757189058e-06 0.000000000000000e+00
8.260069990096954e-06 0.000000000000000e+00
7.902907509817091e-06 0.000000000000000e+00
7.545483020458831e-06 0.000000000000000e+00
7.187808252195416e-06 0.000000000000000e+00
6.829894960109009e-06 0.000000000000000e+00
6.471754923031613e-06 0.000000000000000e+00
6.113399942382046e-06 0.000000000000000e+00
5.754841840999182e-06 0.000000000000000e+00
5.396092461971626e-06 0.000000000000000e+00
5.037163667464033e-06 0.000000000000000e+00
4.678067337540270e-06 0.000000000000000e+00
4.318815368983591e-06 0.000000000000000e+00
3.959419674114037e-06 0.000000000000000e+00
3.599892179603268e-06 0.000000000000000e+00
3.240244825286990e-06 0.000000000000000e+00
2.880489562975207e-06 0.000000000000000e+00
2.520638355260479e-06 0.000000000000000e+00
2.160703174324376e-06 0.000000000000000e+00
1.800696000742354e-06 0.000000000000000e+00
1.440628822287222e-06 0.000000000000000e+00
1.080513632731413e-06 0.000000000000000e+00
7.203624306482600e-07 0.000000000000000e+00
3.601872182124704e-07 0.000000000000000e+00
