1.000000000000000e-01 -9.156812089926472e+00 
2.000000000000000e-01 -4.192360382511180e+00 
3.000000000000000e-01 -2.559243749060476e+00 
4.000000000000000e-01 -1.757588557684929e+00 
5.000000000000000e-01 -1.287512652330063e+00 
6.000000000000001e-01 -9.824592850657682e-01 
7.000000000000001e-01 -7.711024336586354e-01 
8.000000000000000e-01 -6.178235076209978e-01 
9.000000000000000e-01 -5.028705568021985e-01 
1.000000000000000e+00 -4.144222074774986e-01 
1.100000000000000e+00 -3.449805708876341e-01 
1.200000000000000e+00 -2.895678740435821e-01 
1.300000000000000e+00 -2.447555639904535e-01 
1.400000000000000e+00 -2.081096371179946e-01 
1.500000000000000e+00 -1.778579451779446e-01 
1.600000000000000e+00 -1.526823546276453e-01 
1.700000000000000e+00 -1.315843417197989e-01 
1.800000000000000e+00 -1.137954586043489e-01 
1.900000000000000e+00 -9.871613347519227e-02 
2.000000000000000e+00 -8.587288302526143e-02 
2.100000000000000e+00 -7.488779556976720e-02 
2.200000000000000e+00 -6.545637685947686e-02 
2.300000000000000e+00 -5.733121019900915e-02 
2.400000000000000e+00 -5.030973220687193e-02 
2.500000000000000e+00 -4.422496935483345e-02 
2.600000000000000e+00 -3.893843596778525e-02 
2.700000000000000e+00 -3.433463137795828e-02 
2.800000000000000e+00 -3.031673474296837e-02 
2.900000000000000e+00 -2.680320693173168e-02 
3.000000000000000e+00 -2.372508649719057e-02 
3.100000000000000e+00 -2.102382182632509e-02 
3.200000000000000e+00 -1.864952113171363e-02 
3.300000000000000e+00 -1.655953072196021e-02 
3.400000000000000e+00 -1.471727313795789e-02 
3.500000000000000e+00 -1.309129244689629e-02 
3.600000000000000e+00 -1.165446575907668e-02 
3.700000000000000e+00 -1.038334893707164e-02 
3.800000000000000e+00 -9.257631257877378e-03 
3.900000000000000e+00 -8.259679008707915e-03 
4.000000000000000e+00 -7.374152039070233e-03 
4.100000000000001e+00 -6.587680443347728e-03 
4.200000000000000e+00 -5.888591021564206e-03 
4.300000000000000e+00 -5.266675119240576e-03 
4.400000000000000e+00 -4.712990998726845e-03 
4.500000000000000e+00 -4.219695133559316e-03 
4.600000000000001e+00 -3.779897812315417e-03 
4.700000000000000e+00 -3.387539241231567e-03 
4.800000000000001e+00 -3.037282985672600e-03 
4.900000000000000e+00 -2.724424120529130e-03 
5.000000000000000e+00 -2.444809893044947e-03 
5.100000000000001e+00 -2.194771057471157e-03 
5.200000000000000e+00 -1.971062334302505e-03 
5.300000000000001e+00 -1.770810689551835e-03 
5.400000000000000e+00 -1.591470331011374e-03 
5.500000000000000e+00 -1.430783486289581e-03 
5.600000000000001e+00 -1.286746167665708e-03 
5.700000000000000e+00 -1.157578246361199e-03 
5.800000000000001e+00 -1.041697257646582e-03 
5.900000000000000e+00 -9.376954415016368e-04 
6.000000000000000e+00 -8.443195939487613e-04 
6.100000000000001e+00 -7.604533638326388e-04 
6.200000000000000e+00 -6.851016804868480e-04 
6.300000000000001e+00 -6.173770408636132e-04 
6.400000000000000e+00 -5.564874215075731e-04 
6.500000000000000e+00 -5.017256122242516e-04 
6.600000000000001e+00 -4.524597952570473e-04 
6.700000000000000e+00 -4.081252169334562e-04 
6.800000000000001e+00 -3.682168186493367e-04 
6.900000000000000e+00 -3.322827112132329e-04 
7.000000000000000e+00 -2.999183913777866e-04 
7.100000000000001e+00 -2.707616121847309e-04 
7.200000000000000e+00 -2.444878298330836e-04 
7.300000000000001e+00 -2.208061593917718e-04 
7.400000000000000e+00 -1.994557800256257e-04 
7.500000000000000e+00 -1.802027376638440e-04 
7.600000000000001e+00 -1.628370993629738e-04 
7.700000000000000e+00 -1.471704191302509e-04 
7.800000000000001e+00 -1.330334797874358e-04 
7.900000000000000e+00 -1.202742796638498e-04 
8.000000000000000e+00 -1.087562365906474e-04 
8.100000000000000e+00 -9.835658489561915e-05 
8.200000000000001e+00 -8.896494392851553e-05 
8.300000000000001e+00 -8.048203913232476e-05 
8.400000000000000e+00 -7.281855886041783e-05 
8.500000000000000e+00 -6.589413206129895e-05 
8.600000000000000e+00 -5.963641364499963e-05 
8.700000000000001e+00 -5.398026583670960e-05 
8.800000000000001e+00 -4.886702513897658e-05 
8.900000000000000e+00 -4.424384568543410e-05 
9.000000000000000e+00 -4.006311079541439e-05 
9.100000000000000e+00 -3.628190544641351e-05 
9.200000000000001e+00 -3.286154318455781e-05 
9.300000000000001e+00 -2.976714170450752e-05 
9.400000000000000e+00 -2.696724196057679e-05 
9.500000000000000e+00 -2.443346622985128e-05 
9.600000000000001e+00 -2.214021104413504e-05 
9.700000000000001e+00 -2.006437134803725e-05 
9.800000000000001e+00 -1.818509263187627e-05 
9.900000000000000e+00 -1.648354813602399e-05 
1.000000000000000e+01 -1.494273853282612e-05 
1.010000000000000e+01 -1.354731176772199e-05 
1.020000000000000e+01 -1.228340098651831e-05 
1.030000000000000e+01 -1.113847869436320e-05 
1.040000000000000e+01 -1.010122548683571e-05 
1.050000000000000e+01 -9.161411867368370e-06 
1.060000000000000e+01 -8.309791820312275e-06 
1.070000000000000e+01 -7.538006947411965e-06 
1.080000000000000e+01 -6.838500099121523e-06 
1.090000000000000e+01 -6.204437542694259e-06 
1.100000000000000e+01 -5.629638807757163e-06 
1.110000000000000e+01 -5.108513438420626e-06 
1.120000000000000e+01 -4.636003960006683e-06 
1.130000000000000e+01 -4.207534439214916e-06 
1.140000000000000e+01 -3.818964079878704e-06 
1.150000000000000e+01 -3.466545353190974e-06 
1.160000000000000e+01 -3.146886212106389e-06 
1.170000000000000e+01 -2.856915985184693e-06 
1.180000000000000e+01 -2.593854585988202e-06 
1.190000000000000e+01 -2.355184710784524e-06 
1.200000000000000e+01 -2.138626730177403e-06 
1.210000000000000e+01 -1.942116009791243e-06 
1.220000000000000e+01 -1.763782421621346e-06 
1.230000000000000e+01 -1.601931831447855e-06 
1.240000000000000e+01 -1.455029369078300e-06 
1.250000000000000e+01 -1.321684307383047e-06 
1.260000000000000e+01 -1.200636393344361e-06 
1.270000000000000e+01 -1.090743489854214e-06 
1.280000000000000e+01 -9.909704009476714e-07 
1.290000000000000e+01 -9.003787657085939e-07 
1.300000000000000e+01 -8.181179173758502e-07 
1.310000000000000e+01 -7.434166143401869e-07 
1.320000000000000e+01 -6.755755588693625e-07 
1.330000000000000e+01 -6.139606276353559e-07 
1.340000000000000e+01 -5.579967455348853e-07 
1.350000000000000e+01 -5.071623409759735e-07 
1.360000000000000e+01 -4.609843268232108e-07 
1.370000000000000e+01 -4.190335566193501e-07 
1.380000000000000e+01 -3.809207105906977e-07 
1.390000000000000e+01 -3.462925703522009e-07 
1.400000000000000e+01 -3.148286452032370e-07 
1.410000000000000e+01 -2.862381164902862e-07 
1.420000000000000e+01 -2.602570697467049e-07 
1.430000000000000e+01 -2.366459872376620e-07 
1.440000000000000e+01 -2.151874761713670e-07 
1.450000000000000e+01 -1.956842102141865e-07 
1.460000000000000e+01 -1.779570640925076e-07 
1.470000000000000e+01 -1.618434230011114e-07 
1.480000000000000e+01 -1.471956502868339e-07 
1.490000000000000e+01 -1.338796984559720e-07 
1.500000000000000e+01 -1.217738499807907e-07 
1.510000000000000e+01 -1.107675756696352e-07 
1.520000000000000e+01 -1.007604995299985e-07 
1.530000000000000e+01 -9.166146010657833e-08 
1.540000000000000e+01 -8.338765922784879e-08 
1.550000000000000e+01 -7.586388995477959e-08 
1.560000000000000e+01 -6.902183630298095e-08 
1.570000000000000e+01 -6.279943801272464e-08 
1.580000000000000e+01 -5.714031427719893e-08 
1.590000000000000e+01 -5.199324091453664e-08 
1.600000000000000e+01 -4.731167598944346e-08 
1.610000000000000e+01 -4.305332936097581e-08 
1.620000000000000e+01 -3.917977205893300e-08 
1.630000000000000e+01 -3.565608177675318e-08 
1.640000000000000e+01 -3.245052111763605e-08 
1.650000000000000e+01 -2.953424554635097e-08 
1.660000000000000e+01 -2.688103828502277e-08 
1.670000000000000e+01 -2.446706964996418e-08 
1.680000000000000e+01 -2.227067856093417e-08 
1.690000000000000e+01 -2.027217416639142e-08 
1.700000000000000e+01 -1.845365572047560e-08 
1.710000000000000e+01 -1.679884902150910e-08 
1.720000000000000e+01 -1.529295787948125e-08 
1.730000000000000e+01 -1.392252922281504e-08 
1.740000000000000e+01 -1.267533058413799e-08 
1.750000000000000e+01 -1.154023882204404e-08 
1.760000000000000e+01 -1.050713904210682e-08 
1.770000000000000e+01 -9.566832776717078e-09 
1.780000000000000e+01 -8.710954570612448e-09 
1.790000000000000e+01 -7.931896198102340e-09 
1.800000000000000e+01 -7.222737809725422e-09 
1.810000000000000e+01 -6.577185371117836e-09 
1.820000000000000e+01 -5.989513815842330e-09 
1.830000000000000e+01 -5.454515387402711e-09 
1.840000000000000e+01 -4.967452694164568e-09 
1.850000000000000e+01 -4.524016044884206e-09 
1.860000000000000e+01 -4.120284672441473e-09 
1.870000000000000e+01 -3.752691489558539e-09 
1.880000000000000e+01 -3.417991053113378e-09 
1.890000000000000e+01 -3.113230443439630e-09 
1.900000000000000e+01 -2.835722792025093e-09 
1.910000000000000e+01 -2.583023215540378e-09 
1.920000000000000e+01 -2.352906936378428e-09 
1.930000000000000e+01 -2.143349390076872e-09 
1.940000000000000e+01 -1.952508138320900e-09 
1.950000000000000e+01 -1.778706422857127e-09 
1.960000000000000e+01 -1.620418210746610e-09 
1.970000000000000e+01 -1.476254595090713e-09 
1.980000000000000e+01 -1.344951427805468e-09 
1.990000000000000e+01 -1.225358072316385e-09 
2.000000000000000e+01 -1.116427174302032e-09 
2.010000000000000e+01 -1.017205357927490e-09 
2.020000000000000e+01 -9.268247634658867e-10 
2.030000000000000e+01 -8.444953498858294e-10 
2.040000000000000e+01 -7.694978929575544e-10 
2.050000000000000e+01 -7.011776157653491e-10 
2.060000000000000e+01 -6.389383942676317e-10 
2.070000000000000e+01 -5.822374857728008e-10 
2.080000000000000e+01 -5.305807329466763e-10 
2.090000000000000e+01 -4.835182002806979e-10 
2.100000000000000e+01 -4.406402038686794e-10 
2.110000000000000e+01 -4.015736989001897e-10 
2.120000000000000e+01 -3.659789925137227e-10 
2.130000000000000e+01 -3.335467525922347e-10 
2.140000000000000e+01 -3.039952857548861e-10 
2.150000000000000e+01 -2.770680602262949e-10 
2.160000000000000e+01 -2.525314514706995e-10 
2.170000000000000e+01 -2.301726904835643e-10 
2.180000000000000e+01 -2.097979964555072e-10 
2.190000000000000e+01 -1.912308771799898e-10 
2.200000000000000e+01 -1.743105820819302e-10 
2.210000000000000e+01 -1.588906941132063e-10 
2.220000000000000e+01 -1.448378480054089e-10 
2.230000000000000e+01 -1.320305635014618e-10 
2.240000000000000e+01 -1.203581832163069e-10 
2.250000000000000e+01 -1.097199057120236e-10 
2.260000000000000e+01 -1.000239052230646e-10 
2.270000000000000e+01 -9.118653024051845e-11 
2.280000000000000e+01 -8.313157386740163e-11 
2.290000000000000e+01 -7.578960949639711e-11 
2.300000000000000e+01 -6.909738594294713e-11 
2.310000000000000e+01 -6.299727669544561e-11 
2.320000000000000e+01 -5.743677842528274e-11 
2.330000000000000e+01 -5.236805433696372e-11 
2.340000000000000e+01 -4.774751833646238e-11 
2.350000000000000e+01 -4.353545635793596e-11 
2.360000000000000e+01 -3.969568151818695e-11 
2.370000000000000e+01 -3.619522006780197e-11 
2.380000000000000e+01 -3.300402538038343e-11 
2.390000000000000e+01 -3.009471746920581e-11 
2.400000000000000e+01 -2.744234574617576e-11 
2.410000000000000e+01 -2.502417294318920e-11 
2.420000000000000e+01 -2.281947830269913e-11 
2.430000000000000e+01 -2.080937831420943e-11 
2.440000000000000e+01 -1.897666342800481e-11 
2.450000000000000e+01 -1.730564931811468e-11 
2.460000000000000e+01 -1.578204139452614e-11 
2.470000000000000e+01 -1.439281138117358e-11 
2.480000000000000e+01 -1.312608488225845e-11 
2.490000000000000e+01 -1.197103895595572e-11 
2.500000000000000e+01 -1.091780880239129e-11 
2.510000000000000e+01 -9.957402752713348e-12 
2.520000000000000e+01 -9.081624818844624e-12 
2.530000000000000e+01 -8.283004129730427e-12 
2.540000000000000e+01 -7.554730640186877e-12 
2.550000000000000e+01 -6.890596553332992e-12 
2.560000000000000e+01 -6.284942947548087e-12 
2.570000000000000e+01 -5.732611144377909e-12 
2.580000000000000e+01 -5.228898395216106e-12 
2.590000000000000e+01 -4.769517502284350e-12 
2.600000000000000e+01 -4.350560023754090e-12 
2.610000000000000e+01 -3.968462744099682e-12 
2.620000000000000e+01 -3.619977119224522e-12 
2.630000000000000e+01 -3.302141431806069e-12 
2.640000000000000e+01 -3.012255415894899e-12 
2.650000000000000e+01 -2.747857131281593e-12 
2.660000000000000e+01 -2.506701887704560e-12 
2.670000000000000e+01 -2.286743036783686e-12 
2.680000000000000e+01 -2.086114465784408e-12 
2.690000000000000e+01 -1.903114642088869e-12 
2.700000000000000e+01 -1.736192070703550e-12 
2.710000000000000e+01 -1.583932039384588e-12 
2.720000000000000e+01 -1.445044537121212e-12 
2.730000000000000e+01 -1.318353241880696e-12 
2.740000000000000e+01 -1.202785482775475e-12 
2.750000000000000e+01 -1.097363090244739e-12 
2.760000000000000e+01 -1.001194055522762e-12 
2.770000000000000e+01 -9.134649276623245e-13 
2.780000000000000e+01 -8.334338827538811e-13 
2.790000000000000e+01 -7.604244057863493e-13 
2.800000000000000e+01 -6.938195308835398e-13 
2.810000000000000e+01 -6.330565904676229e-13 
2.820000000000000e+01 -5.776224282899418e-13 
2.830000000000000e+01 -5.270490352676347e-13 
2.840000000000000e+01 -4.809095707073026e-13 
2.850000000000000e+01 -4.388147348157096e-13 
2.860000000000000e+01 -4.004094614211669e-13 
2.870000000000000e+01 -3.653699025843250e-13 
2.880000000000000e+01 -3.334006792872191e-13 
2.890000000000000e+01 -3.042323746766185e-13 
2.900000000000000e+01 -2.776192484218369e-13 
2.910000000000000e+01 -2.533371526461024e-13 
2.920000000000000e+01 -2.311816316211014e-13 
2.930000000000000e+01 -2.109661889911037e-13 
2.940000000000000e+01 -1.925207077300675e-13 
2.950000000000000e+01 -1.756900093445907e-13 
2.960000000000000e+01 -1.603325400288929e-13 
2.970000000000000e+01 -1.463191725655807e-13 
2.980000000000000e+01 -1.335321137570319e-13 
2.990000000000000e+01 -1.218639080755384e-13 
3.000000000000000e+01 -1.112165290435808e-13 
3.010000000000000e+01 -1.015005506059054e-13 
3.020000000000000e+01 -9.263439143894916e-14 
3.030000000000000e+01 -8.454362576643173e-14 
3.040000000000000e+01 -7.716035481806475e-14 
3.050000000000000e+01 -7.042263358615285e-14 
3.060000000000000e+01 -6.427394800685436e-14 
3.070000000000000e+01 -5.866273812312704e-14 
3.080000000000000e+01 -5.354196317854874e-14 
3.090000000000000e+01 -4.886870494871654e-14 
3.100000000000000e+01 -4.460380594279953e-14 
3.110000000000000e+01 -4.071153940490859e-14 
3.120000000000000e+01 -3.715930831575690e-14 
3.130000000000000e+01 -3.391737084197347e-14 
3.140000000000000e+01 -3.095858990550525e-14 
3.150000000000000e+01 -2.825820475073501e-14 
3.160000000000000e+01 -2.579362257400680e-14 
3.170000000000000e+01 -2.354422845080703e-14 
3.180000000000000e+01 -2.149121195133652e-14 
3.190000000000000e+01 -1.961740897698061e-14 
3.200000000000000e+01 -1.790715747944064e-14 
3.210000000000000e+01 -1.634616584213922e-14 
3.220000000000000e+01 -1.492139281097053e-14 
3.230000000000000e+01 -1.362093795944019e-14 
3.240000000000000e+01 -1.243394176257857e-14 
3.250000000000000e+01 -1.135049443546916e-14 
3.260000000000000e+01 -1.036155276651466e-14 
3.270000000000000e+01 -9.458864243291542e-15 
3.280000000000000e+01 -8.634897830610377e-15 
3.290000000000000e+01 -7.882780816717688e-15 
3.300000000000000e+01 -7.196241194935253e-15 
3.310000000000000e+01 -6.569555094869292e-15 
3.320000000000000e+01 -5.997498820031138e-15 
3.330000000000000e+01 -5.475305087663910e-15 
3.340000000000000e+01 -4.998623102089256e-15 
3.350000000000000e+01 -4.563482125284078e-15 
3.360000000000000e+01 -4.166258237941404e-15 
3.370000000000000e+01 -3.803644011212764e-15 
3.380000000000000e+01 -3.472620833904690e-15 
3.390000000000000e+01 -3.170433662313471e-15 
3.400000000000000e+01 -2.894567980323657e-15 
3.410000000000000e+01 -2.642728776039932e-15 
3.420000000000000e+01 -2.412821358225760e-15 
3.430000000000000e+01 -2.202933851332761e-15 
3.440000000000000e+01 -2.011321222050852e-15 
3.450000000000000e+01 -1.836390703212612e-15 
3.460000000000000e+01 -1.676688492655202e-15 
3.470000000000000e+01 -1.530887615378288e-15 
3.480000000000000e+01 -1.397776847129501e-15 
3.490000000000000e+01 -1.276250606481246e-15 
3.500000000000000e+01 -1.165299730610858e-15 
3.510000000000000e+01 -1.064003057429043e-15 
3.520000000000000e+01 -9.715197434814567e-16 
3.530000000000000e+01 -8.870822532337326e-16 
3.540000000000000e+01 -8.099899609923633e-16 
3.550000000000000e+01 -7.396033118611328e-16 
3.560000000000000e+01 -6.753384928283378e-16 
3.570000000000000e+01 -6.166625693637737e-16 
3.580000000000000e+01 -5.630890468123596e-16 
3.590000000000000e+01 -5.141738194365652e-16 
3.600000000000000e+01 -4.695114732123347e-16 
3.610000000000000e+01 -4.287319114507368e-16 
3.620000000000000e+01 -3.914972750247206e-16 
3.630000000000000e+01 -3.574991314504970e-16 
3.640000000000000e+01 -3.264559093265120e-16 
3.650000000000000e+01 -2.981105566890450e-16 
3.660000000000000e+01 -2.722284037194285e-16 
3.670000000000000e+01 -2.485952119493723e-16 
3.680000000000000e+01 -2.270153936726180e-16 
3.690000000000000e+01 -2.073103866959771e-16 
3.700000000000000e+01 -1.893171708629201e-16 
3.710000000000000e+01 -1.728869139691795e-16 
3.720000000000000e+01 -1.578837357721921e-16 
3.730000000000000e+01 -1.441835797839200e-16 
3.740000000000000e+01 -1.316731834377775e-16 
3.750000000000000e+01 -1.202491380427420e-16 
3.760000000000000e+01 -1.098170306881331e-16 
3.770000000000000e+01 -1.002906609472496e-16 
3.780000000000000e+01 -9.159132585291554e-17 
3.790000000000000e+01 -8.364716718815263e-17 
3.800000000000000e+01 -7.639257565550057e-17 
3.810000000000000e+01 -6.976764696333479e-17 
3.820000000000000e+01 -6.371768530079629e-17 
3.830000000000000e+01 -5.819275006838225e-17 
3.840000000000001e+01 -5.314724209207411e-17 
3.850000000000000e+01 -4.853952587818782e-17 
3.860000000000000e+01 -4.433158476664897e-17 
3.870000000000000e+01 -4.048870611466294e-17 
3.880000000000000e+01 -3.697919389303068e-17 
3.890000000000001e+01 -3.377410630580718e-17 
3.900000000000000e+01 -3.084701625245365e-17 
3.910000000000000e+01 -2.817379264190894e-17 
3.920000000000000e+01 -2.573240074164861e-17 
3.930000000000000e+01 -2.350271990327545e-17 
3.940000000000001e+01 -2.146637715083550e-17 
3.950000000000000e+01 -1.960659525006254e-17 
3.960000000000000e+01 -1.790805399724409e-17 
3.970000000000000e+01 -1.635676357637585e-17 
3.980000000000000e+01 -1.493994893363974e-17 
3.990000000000001e+01 -1.364594420985905e-17 
4.000000000000000e+01 -1.246409635520020e-17 
4.010000000000000e+01 -1.138467712671376e-17 
4.020000000000000e+01 -1.039880273897376e-17 
4.030000000000000e+01 -9.498360501657593e-18 
4.040000000000001e+01 -8.675941835953328e-18 
4.050000000000000e+01 -7.924781114657416e-18 
4.060000000000000e+01 -7.238699819184713e-18 
4.070000000000000e+01 -6.612055550855423e-18 
4.080000000000000e+01 -6.039695474114382e-18 
4.090000000000001e+01 -5.516913806120448e-18 
4.100000000000000e+01 -5.039413000716392e-18 
4.110000000000000e+01 -4.603268305437444e-18 
4.120000000000000e+01 -4.204895398193786e-18 
4.130000000000000e+01 -3.841020835799389e-18 
4.140000000000001e+01 -3.508655069833986e-18 
4.150000000000000e+01 -3.205067806605992e-18 
4.160000000000000e+01 -2.927765507412016e-18 
4.170000000000000e+01 -2.674470843024423e-18 
4.180000000000000e+01 -2.443103932528060e-18 
4.190000000000001e+01 -2.231765211408516e-18 
4.200000000000000e+01 -2.038719787287030e-18 
4.210000000000000e+01 -1.862383154015418e-18 
4.220000000000000e+01 -1.701308146090412e-18 
4.230000000000000e+01 -1.554173025612829e-18 
4.240000000000001e+01 -1.419770603390411e-18 
4.250000000000000e+01 -1.296998304339807e-18 
4.260000000000000e+01 -1.184849095155391e-18 
4.270000000000000e+01 -1.082403199345108e-18 
4.280000000000000e+01 -9.888205312447853e-19 
4.290000000000001e+01 -9.033337865677050e-19 
4.300000000000000e+01 -8.252421324737890e-19 
4.310000000000000e+01 -7.539054450982955e-19 
4.320000000000000e+01 -6.887390470045011e-19 
4.330000000000000e+01 -6.292089011555205e-19 
4.340000000000001e+01 -5.748272217722031e-19 
4.350000000000000e+01 -5.251484658876051e-19 
4.360000000000000e+01 -4.797656725525206e-19 
4.370000000000000e+01 -4.383071195175354e-19 
4.380000000000000e+01 -4.004332698379605e-19 
4.390000000000001e+01 -3.658339832414412e-19 
4.400000000000000e+01 -3.342259692831545e-19 
4.410000000000000e+01 -3.053504613087814e-19 
4.420000000000000e+01 -2.789710920673303e-19 
4.430000000000000e+01 -2.548719534792993e-19 
4.440000000000001e+01 -2.328558245847011e-19 
4.450000000000000e+01 -2.127425530823704e-19 
4.460000000000000e+01 -1.943675771384259e-19 
4.470000000000000e+01 -1.775805752982012e-19 
4.480000000000000e+01 -1.622442333918570e-19 
4.490000000000001e+01 -1.482331182881617e-19 
4.500000000000000e+01 -1.354326492313728e-19 
4.510000000000000e+01 -1.237381583001489e-19 
4.520000000000000e+01 -1.130540322616206e-19 
4.530000000000000e+01 -1.032929287641326e-19 
4.540000000000001e+01 -9.437506042441160e-20 
4.550000000000000e+01 -8.622754092394209e-20 
4.560000000000000e+01 -7.878378773985230e-20 
4.570000000000000e+01 -7.198297660181939e-20 
4.580000000000000e+01 -6.576954319220740e-20 
4.590000000000001e+01 -6.009272799545012e-20 
4.600000000000000e+01 -5.490616055770876e-20 
4.610000000000000e+01 -5.016747974205740e-20 
4.620000000000000e+01 -4.583798686054127e-20 
4.630000000000000e+01 -4.188232883483205e-20 
4.640000000000001e+01 -3.826820878415029e-20 
4.650000000000000e+01 -3.496612166462505e-20 
4.660000000000000e+01 -3.194911279020651e-20 
4.670000000000000e+01 -2.919255725333206e-20 
4.680000000000000e+01 -2.667395843530249e-20 
4.690000000000001e+01 -2.437276395320181e-20 
4.700000000000000e+01 -2.227019753345152e-20 
4.710000000000000e+01 -2.034910543292969e-20 
4.720000000000000e+01 -1.859381614808129e-20 
4.730000000000000e+01 -1.699001226157228e-20 
4.740000000000001e+01 -1.552461337571588e-20 
4.750000000000000e+01 -1.418566917292424e-20 
4.760000000000000e+01 -1.296226172657702e-20 
4.770000000000000e+01 -1.184441626163075e-20 
4.780000000000000e+01 -1.082301963363829e-20 
4.790000000000001e+01 -9.889745858189446e-21 
4.800000000000000e+01 -9.036988080631807e-21 
4.810000000000000e+01 -8.257796428765192e-21 
4.820000000000000e+01 -7.545821239462244e-21 
4.830000000000000e+01 -6.895261194243290e-21 
4.840000000000001e+01 -6.300815939089017e-21 
4.850000000000000e+01 -5.757642800545730e-21 
4.860000000000000e+01 -5.261317243760259e-21 
4.870000000000000e+01 -4.807796748757455e-21 
4.880000000000000e+01 -4.393387809289259e-21 
4.890000000000001e+01 -4.014715784176621e-21 
4.900000000000000e+01 -3.668697354439147e-21 
4.910000000000000e+01 -3.352515360857577e-21 
4.920000000000000e+01 -3.063595816116002e-21 
4.930000000000000e+01 -2.799586903482411e-21 
4.940000000000001e+01 -2.558339790257390e-21 
4.950000000000000e+01 -2.337891099081830e-21 
4.960000000000000e+01 -2.136446893769548e-21 
4.970000000000000e+01 -1.952368048730784e-21 
4.980000000000000e+01 -1.784156882378368e-21 
4.990000000000001e+01 -1.630444945254928e-21 
5.000000000000000e+01 -1.489981863069657e-21 
5.010000000000000e+01 -1.361625143465807e-21 
5.020000000000000e+01 -1.244330863225779e-21 
5.030000000000000e+01 -1.137145159823405e-21 
5.040000000000001e+01 -1.039196457813209e-21 
5.050000000000000e+01 -9.496883665566843e-22 
5.060000000000000e+01 -8.678931912761111e-22 
5.070000000000000e+01 -7.931460044419776e-22 
5.080000000000000e+01 -7.248392290813859e-22 
5.090000000000001e+01 -6.624176897802647e-22 
5.100000000000000e+01 -6.053740909752574e-22 
5.110000000000000e+01 -5.532448856236678e-22 
5.120000000000000e+01 -5.056065005303609e-22 
5.130000000000000e+01 -4.620718875248596e-22 
5.140000000000001e+01 -4.222873723444986e-22 
5.150000000000000e+01 -3.859297755116132e-22 
5.160000000000000e+01 -3.527037817146670e-22 
5.170000000000000e+01 -3.223395362330570e-22 
5.180000000000000e+01 -2.945904487995279e-22 
5.190000000000001e+01 -2.692311869882058e-22 
5.200000000000000e+01 -2.460558427637335e-22 
5.210000000000000e+01 -2.248762572407522e-22 
5.220000000000000e+01 -2.055204899945587e-22 
5.230000000000000e+01 -1.878314204436165e-22 
5.240000000000001e+01 -1.716654699025888e-22 
5.250000000000000e+01 -1.568914338893167e-22 
5.260000000000000e+01 -1.433894151688006e-22 
5.270000000000000e+01 -1.310498488392017e-22 
5.280000000000000e+01 -1.197726115157636e-22 
5.290000000000001e+01 -1.094662073545470e-22 
5.300000000000000e+01 -1.000470242846402e-22 
5.310000000000000e+01 -9.143865439007578e-23 
5.320000000000000e+01 -8.357127290582739e-23 
5.330000000000000e+01 -7.638107077016508e-23 
5.340000000000001e+01 -6.980973611232031e-23 
5.350000000000000e+01 -6.380398045332434e-23 
5.360000000000000e+01 -5.831510576235653e-23 
5.370000000000000e+01 -5.329860884394157e-23 
5.380000000000000e+01 -4.871381983554943e-23 
5.390000000000001e+01 -4.452357187312841e-23 
5.400000000000000e+01 -4.069389923604737e-23 
5.410000000000000e+01 -3.719376151494997e-23 
5.420000000000000e+01 -3.399479155802121e-23 
5.430000000000000e+01 -3.107106514484273e-23 
5.440000000000001e+01 -2.839889051398848e-23 
5.450000000000000e+01 -2.595661603219271e-23 
5.460000000000000e+01 -2.372445444065070e-23 
5.470000000000000e+01 -2.168432224899206e-23 
5.480000000000000e+01 -1.981969297078343e-23 
5.490000000000001e+01 -1.811546300710348e-23 
5.500000000000000e+01 -1.655782908768290e-23 
5.510000000000000e+01 -1.513417627317004e-23 
5.520000000000000e+01 -1.383297560803480e-23 
5.530000000000000e+01 -1.264369059215110e-23 
5.540000000000001e+01 -1.155669171085753e-23 
5.550000000000000e+01 -1.056317832885654e-23 
5.560000000000000e+01 -9.655107313218721e-24 
5.570000000000000e+01 -8.825127805497577e-24 
5.580000000000000e+01 -8.066521612971539e-24 
5.590000000000001e+01 -7.373148734732640e-24 
5.600000000000000e+01 -6.739397580096374e-24 
5.610000000000000e+01 -6.160139474962327e-24 
5.620000000000000e+01 -5.630687086619607e-24 
5.630000000000000e+01 -5.146756429345537e-24 
5.640000000000001e+01 -4.704432142256323e-24 
5.650000000000000e+01 -4.300135757465261e-24 
5.660000000000000e+01 -3.930596700908105e-24 
5.670000000000000e+01 -3.592825790403742e-24 
5.680000000000000e+01 -3.284091015809926e-24 
5.690000000000001e+01 -3.001895404677828e-24 
5.700000000000000e+01 -2.743956793752187e-24 
5.710000000000000e+01 -2.508189342147398e-24 
5.720000000000000e+01 -2.292686636176922e-24 
5.730000000000000e+01 -2.095706248742580e-24 
5.740000000000001e+01 -1.915655628002776e-24 
5.750000000000000e+01 -1.751079200834529e-24 
5.760000000000000e+01 -1.600646586468179e-24 
5.770000000000000e+01 -1.463141824688161e-24 
5.780000000000000e+01 -1.337453531229860e-24 
5.790000000000001e+01 -1.222565900530169e-24 
5.800000000000000e+01 -1.117550482867431e-24 
5.810000000000000e+01 -1.021558669211999e-24 
5.820000000000000e+01 -9.338148228526436e-25 
5.830000000000000e+01 -8.536100021125350e-25 
5.840000000000001e+01 -7.802962232653220e-25 
5.850000000000000e+01 -7.132812171448248e-25 
5.860000000000000e+01 -6.520236369473510e-25 
5.870000000000000e+01 -5.960286783860905e-25 
5.880000000000000e+01 -5.448440767018253e-25 
5.890000000000001e+01 -4.980564480911440e-25 
5.900000000000000e+01 -4.552879459066600e-25 
5.910000000000000e+01 -4.161932045365100e-25 
5.920000000000000e+01 -3.804565462033249e-25 
5.930000000000000e+01 -3.477894280546427e-25 
5.940000000000001e+01 -3.179281088651012e-25 
5.950000000000000e+01 -2.906315164511193e-25 
5.960000000000000e+01 -2.656792985258717e-25 
5.970000000000000e+01 -2.428700412093450e-25 
5.980000000000000e+01 -2.220196407670770e-25 
5.990000000000001e+01 -2.029598153931061e-25 
6.000000000000000e+01 -1.855367449875248e-25 
6.010000000000000e+01 -1.696098279162099e-25 
6.020000000000000e+01 -1.550505446881946e-25 
6.030000000000000e+01 -1.417414193523428e-25 
6.040000000000001e+01 -1.295750702066933e-25 
6.050000000000000e+01 -1.184533421373096e-25 
6.060000000000000e+01 -1.082865135646770e-25 
6.070000000000000e+01 -9.899257157998718e-26 
6.080000000000000e+01 -9.049654940587465e-26 
6.090000000000001e+01 -8.272992082091539e-26 
6.100000000000000e+01 -7.563004664844553e-26 
6.110000000000000e+01 -6.913966883182238e-26 
6.120000000000000e+01 -6.320644800353362e-26 
6.130000000000000e+01 -5.778254080765409e-26 
6.140000000000001e+01 -5.282421355697466e-26 
6.150000000000000e+01 -4.829148910022255e-26 
6.160000000000000e+01 -4.414782404360127e-26 
6.170000000000000e+01 -4.035981371652844e-26 
6.180000000000000e+01 -3.689692249598480e-26 
6.190000000000001e+01 -3.373123730908716e-26 
6.200000000000000e+01 -3.083724232103525e-26 
6.210000000000000e+01 -2.819161298699732e-26 
6.220000000000000e+01 -2.577302780315596e-26 
6.230000000000000e+01 -2.356199623530857e-26 
6.240000000000001e+01 -2.154070143428549e-26 
6.250000000000000e+01 -1.969285646704526e-26 
6.260000000000000e+01 -1.800357290162006e-26 
6.270000000000000e+01 -1.645924068399509e-26 
6.280000000000000e+01 -1.504741833631485e-26 
6.290000000000001e+01 -1.375673258927273e-26 
6.300000000000000e+01 -1.257678663781779e-26 
6.310000000000000e+01 -1.149807627903093e-26 
6.320000000000000e+01 -1.051191325474695e-26 
6.330000000000000e+01 -9.610355179736721e-27 
6.340000000000001e+01 -8.786141489499093e-27 
6.350000000000000e+01 -8.032634890364587e-27 
6.360000000000000e+01 -7.343767839082587e-27 
6.370000000000000e+01 -6.713993619710769e-27 
6.380000000000000e+01 -6.138241622773402e-27 
6.390000000000001e+01 -5.611876465613180e-27 
6.400000000000000e+01 -5.130660623895792e-27 
6.410000000000001e+01 -4.690720272593900e-27 
6.420000000000000e+01 -4.288514060706442e-27 
6.430000000000000e+01 -3.920804567665886e-27 
6.440000000000001e+01 -3.584632211050457e-27 
6.450000000000000e+01 -3.277291395015185e-27 
6.460000000000001e+01 -2.996308706952937e-27 
6.470000000000000e+01 -2.739422986439611e-27 
6.480000000000000e+01 -2.504567105634166e-27 
6.490000000000001e+01 -2.289851314126513e-27 
6.500000000000000e+01 -2.093548013856267e-27 
6.510000000000001e+01 -1.914077841271627e-27 
6.520000000000000e+01 -1.749996944452261e-27 
6.530000000000000e+01 -1.599985352564824e-27 
6.540000000000001e+01 -1.462836343838865e-27 
6.550000000000000e+01 -1.337446726309367e-27 
6.560000000000001e+01 -1.222807952939309e-27 
6.570000000000000e+01 -1.117997999470202e-27 
6.580000000000000e+01 -1.022173939502584e-27 
6.590000000000001e+01 -9.345651569358454e-28 
6.600000000000000e+01 -8.544671410387722e-28 
6.610000000000001e+01 -7.812358141234126e-28 
6.620000000000000e+01 -7.142823460918570e-28 
6.630000000000000e+01 -6.530684140531670e-28 
6.640000000000001e+01 -5.971018687981632e-28 
6.650000000000000e+01 -5.459327732014263e-28 
6.660000000000001e+01 -4.991497806199218e-28 
6.670000000000000e+01 -4.563768240998308e-28 
6.680000000000000e+01 -4.172700897095649e-28 
6.690000000000001e+01 -3.815152496085350e-28 
6.700000000000000e+01 -3.488249325554370e-28 
6.710000000000001e+01 -3.189364114744005e-28 
6.720000000000000e+01 -2.916094894476056e-28 
6.730000000000000e+01 -2.666245671024492e-28 
6.740000000000001e+01 -2.437808758239852e-28 
6.750000000000000e+01 -2.228948625599369e-28 
6.760000000000001e+01 -2.037987132075644e-28 
6.770000000000000e+01 -1.863390026887879e-28 
6.780000000000000e+01 -1.703754608408604e-28 
6.790000000000001e+01 -1.557798441834556e-28 
6.800000000000000e+01 -1.424349044761545e-28 
6.810000000000001e+01 -1.302334457602993e-28 
6.820000000000000e+01 -1.190774622922472e-28 
6.830000000000000e+01 -1.088773504267051e-28 
6.840000000000001e+01 -9.955118810474782e-29 
6.850000000000000e+01 -9.102407614569451e-29 
6.860000000000001e+01 -8.322753603991459e-29 
6.870000000000000e+01 -7.609895939481930e-29 
6.880000000000000e+01 -6.958110460228071e-29 
6.890000000000001e+01 -6.362163667613739e-29 
6.900000000000000e+01 -5.817270655608851e-29 
6.910000000000001e+01 -5.319056649212832e-29 
6.920000000000000e+01 -4.863521841426104e-29 
6.930000000000000e+01 -4.447009245780238e-29 
6.940000000000001e+01 -4.066175305743807e-29 
6.950000000000000e+01 -3.717963024515184e-29 
6.960000000000001e+01 -3.399577399006042e-29 
6.970000000000000e+01 -3.108462960371622e-29 
6.980000000000000e+01 -2.842283240398840e-29 
6.990000000000001e+01 -2.598901998569116e-29 
7.000000000000000e+01 -2.376366058783041e-29 
7.010000000000001e+01 -2.172889617690257e-29 
7.020000000000000e+01 -1.986839898413208e-29 
7.030000000000000e+01 -1.816724034279088e-29 
7.040000000000001e+01 -1.661177077074725e-29 
7.050000000000000e+01 -1.518951033386967e-29 
7.060000000000001e+01 -1.388904840863947e-29 
7.070000000000000e+01 -1.269995203796012e-29 
7.080000000000000e+01 -1.161268214327886e-29 
7.090000000000001e+01 -1.061851691935157e-29 
7.100000000000000e+01 -9.709481795758220e-30 
7.110000000000001e+01 -8.878285402105001e-30 
7.120000000000000e+01 -8.118261022142585e-30 
7.130000000000000e+01 -7.423313066176009e-30 
7.140000000000001e+01 -6.787868131509808e-30 
7.150000000000000e+01 -6.206830257567173e-30 
7.160000000000001e+01 -5.675540016056927e-30 
7.170000000000000e+01 -5.189737107405657e-30 
7.180000000000000e+01 -4.745526162862040e-30 
7.190000000000001e+01 -4.339345477461866e-30 
7.200000000000000e+01 -3.967938422604303e-30 
7.210000000000001e+01 -3.628327308534579e-30 
7.220000000000000e+01 -3.317789486726454e-30 
7.230000000000000e+01 -3.033835500161420e-30 
7.240000000000001e+01 -2.774189105967248e-30 
7.250000000000000e+01 -2.536769009926989e-30 
7.260000000000001e+01 -2.319672166129654e-30 
7.270000000000000e+01 -2.121158507614838e-30 
7.280000000000000e+01 -1.939636985362437e-30 
7.290000000000001e+01 -1.773652803494990e-30 
7.300000000000000e+01 -1.621875748172505e-30 
7.310000000000001e+01 -1.483089516447865e-30 
7.320000000000000e+01 -1.356181959386795e-30 
7.330000000000000e+01 -1.240136161101844e-30 
7.340000000000001e+01 -1.134022282066214e-30 
7.350000000000000e+01 -1.036990101213580e-30 
7.360000000000001e+01 -9.482621969437404e-31 
7.370000000000000e+01 -8.671277122869153e-31 
7.380000000000000e+01 -7.929366541710563e-31 
7.390000000000001e+01 -7.250946810280120e-31 
7.400000000000000e+01 -6.630583368954915e-31 
7.410000000000001e+01 -6.063306937587400e-31 
7.420000000000000e+01 -5.544573671541392e-31 
7.430000000000000e+01 -5.070228730546661e-31 
7.440000000000001e+01 -4.636472967977309e-31 
7.450000000000000e+01 -4.239832473218466e-31 
7.460000000000001e+01 -3.877130722690573e-31 
7.470000000000000e+01 -3.545463116053025e-31 
7.480000000000000e+01 -3.242173693251420e-31 
7.490000000000001e+01 -2.964833845588861e-31 
7.500000000000000e+01 -2.711222850004203e-31 
7.510000000000001e+01 -2.479310070379828e-31 
7.520000000000000e+01 -2.267238683081776e-31 
7.530000000000000e+01 -2.073310796170294e-31 
7.540000000000001e+01 -1.895973842905018e-31 
7.550000000000000e+01 -1.733808140397420e-31 
7.560000000000001e+01 -1.585515513612547e-31 
7.570000000000000e+01 -1.449908893474641e-31 
7.580000000000000e+01 -1.325902805645223e-31 
7.590000000000001e+01 -1.212504673692501e-31 
7.600000000000000e+01 -1.108806866903462e-31 
7.610000000000001e+01 -1.013979428966343e-31 
7.620000000000000e+01 -9.272634292134985e-32 
7.630000000000000e+01 -8.479648831096645e-32 
7.640000000000001e+01 -7.754491932374405e-32 
7.650000000000000e+01 -7.091360662077068e-32 
7.660000000000001e+01 -6.484948647398102e-32 
7.670000000000000e+01 -5.930403576482241e-32 
7.680000000000001e+01 -5.423288336627585e-32 
7.690000000000001e+01 -4.959545479289443e-32 
7.700000000000000e+01 -4.535464727022586e-32 
7.710000000000001e+01 -4.147653261905742e-32 
7.720000000000000e+01 -3.793008557290586e-32 
7.730000000000001e+01 -3.468693535118468e-32 
7.740000000000001e+01 -3.172113849694518e-32 
7.750000000000000e+01 -2.900897115860333e-32 
7.760000000000001e+01 -2.652873915098014e-32 
7.770000000000000e+01 -2.426060427351910e-32 
7.780000000000001e+01 -2.218642549390350e-32 
7.790000000000001e+01 -2.028961372446423e-32 
7.800000000000000e+01 -1.855499902774323e-32 
7.810000000000001e+01 -1.696870918721282e-32 
7.820000000000000e+01 -1.551805867026247e-32 
7.830000000000001e+01 -1.419144709384975e-32 
7.840000000000001e+01 -1.297826637940444e-32 
7.850000000000000e+01 -1.186881585319055e-32 
7.860000000000001e+01 -1.085422461203826e-32 
7.870000000000000e+01 -9.926380532563073e-33 
7.880000000000001e+01 -9.077865355243672e-33 
7.890000000000001e+01 -8.301895323405374e-33 
7.900000000000000e+01 -7.592266901670554e-33 
7.910000000000001e+01 -6.943307139137788e-33 
7.920000000000000e+01 -6.349828279770557e-33 
7.930000000000001e+01 -5.807086256499120e-33 
7.940000000000001e+01 -5.310742736665094e-33 
7.950000000000000e+01 -4.856830414878207e-33 
7.960000000000001e+01 -4.441721275381286e-33 
7.970000000000000e+01 -4.062097569798992e-33 
7.980000000000001e+01 -3.714925277902786e-33 
7.990000000000001e+01 -3.397429838911536e-33 
8.000000000000000e+01 -3.107073959034296e-33 
8.010000000000001e+01 -2.841537317591062e-33 
8.020000000000000e+01 -2.598698009254366e-33 
8.030000000000001e+01 -2.376615573856127e-33 
8.040000000000001e+01 -2.173515477922172e-33 
8.050000000000000e+01 -1.987774923717707e-33 
8.060000000000001e+01 -1.817909872221899e-33 
8.070000000000000e+01 -1.662563176166626e-33 
8.080000000000001e+01 -1.520493728165074e-33 
8.090000000000001e+01 -1.390566537082471e-33 
8.100000000000000e+01 -1.271743653233425e-33 
8.110000000000001e+01 -1.163075869785951e-33 
8.120000000000000e+01 -1.063695133966975e-33 
8.130000000000001e+01 -9.728076073451585e-34 
8.140000000000001e+01 -8.896873196646196e-34 
8.150000000000000e+01 -8.136703654523723e-34 
8.160000000000001e+01 -7.441495969687703e-34 
8.170000000000000e+01 -6.805697710415950e-34 
8.180000000000001e+01 -6.224231109581214e-34 
8.190000000000001e+01 -5.692452479110274e-34 
8.200000000000000e+01 -5.206115095316825e-34 
8.210000000000001e+01 -4.761335258222107e-34 
8.220000000000000e+01 -4.354561253374130e-34 
8.230000000000001e+01 -3.982544967905724e-34 
8.240000000000001e+01 -3.642315933808763e-34 
8.250000000000000e+01 -3.331157590824078e-34 
8.260000000000001e+01 -3.046585579105801e-34 
8.270000000000000e+01 -2.786327888060357e-34 
8.280000000000001e+01 -2.548306702607850e-34 
8.290000000000001e+01 -2.330621801697982e-34 
8.300000000000000e+01 -2.131535376325495e-34 
8.310000000000001e+01 -1.949458145650528e-34 
8.320000000000000e+01 -1.782936660209440e-34 
8.330000000000001e+01 -1.630641690699645e-34 
8.340000000000001e+01 -1.491357609504150e-34 
8.350000000000000e+01 -1.363972680062167e-34 
8.360000000000001e+01 -1.247470176453021e-34 
8.370000000000000e+01 -1.140920262201045e-34 
8.380000000000001e+01 -1.043472563379766e-34 
8.390000000000001e+01 -9.543493766480094e-35 
8.400000000000000e+01 -8.728394579258909e-35 
8.410000000000001e+01 -7.982923420637990e-35 
8.420000000000000e+01 -7.301131481018678e-35 
8.430000000000001e+01 -6.677578286011867e-35 
8.440000000000001e+01 -6.107288250782085e-35 
8.450000000000000e+01 -5.585710948208903e-35 
8.460000000000001e+01 -5.108684773342459e-35 
8.470000000000000e+01 -4.672403713784714e-35 
8.480000000000001e+01 -4.273386960453332e-35 
8.490000000000001e+01 -3.908451115899037e-35 
8.500000000000000e+01 -3.574684778103209e-35 
8.510000000000001e+01 -3.269425296679178e-35 
8.520000000000000e+01 -2.990237515758867e-35 
8.530000000000001e+01 -2.734894333729975e-35 
8.540000000000001e+01 -2.501358924508643e-35 
8.550000000000000e+01 -2.287768478312664e-35 
8.560000000000001e+01 -2.092419332044010e-35 
8.570000000000000e+01 -1.913753370495839e-35 
8.580000000000001e+01 -1.750345589752935e-35 
8.590000000000001e+01 -1.600892723444918e-35 
8.600000000000000e+01 -1.464202841001256e-35 
8.610000000000001e+01 -1.339185834827302e-35 
8.620000000000000e+01 -1.224844720420791e-35 
8.630000000000001e+01 -1.120267679945274e-35 
8.640000000000001e+01 -1.024620785716324e-35 
8.650000000000000e+01 -9.371413454886749e-36 
8.660000000000001e+01 -8.571318164000761e-36 
8.670000000000000e+01 -7.839542389708282e-36 
8.680000000000001e+01 -7.170251467120590e-36 
8.690000000000001e+01 -6.558109106955844e-36 
8.700000000000000e+01 -5.998234819124286e-36 
8.710000000000001e+01 -5.486164974245426e-36 
8.720000000000000e+01 -5.017817192203040e-36 
8.730000000000001e+01 -4.589457773412089e-36 
8.740000000000001e+01 -4.197671912781737e-36 
8.750000000000000e+01 -3.839336458573824e-36 
8.760000000000001e+01 -3.511594998689348e-36 
8.770000000000000e+01 -3.211835075495706e-36 
8.780000000000001e+01 -2.937667347309865e-36 
8.790000000000001e+01 -2.686906530195860e-36 
8.800000000000000e+01 -2.457553967951811e-36 
8.810000000000001e+01 -2.247781691162435e-36 
8.820000000000000e+01 -2.055917838083758e-36 
8.830000000000001e+01 -1.880433320998031e-36 
8.840000000000001e+01 -1.719929631624180e-36 
8.850000000000000e+01 -1.573127688259467e-36 
8.860000000000001e+01 -1.438857635648343e-36 
8.870000000000000e+01 -1.316049516177672e-36 
8.880000000000001e+01 -1.203724737955068e-36 
8.890000000000001e+01 -1.100988271687746e-36 
8.900000000000000e+01 -1.007021514097115e-36 
8.910000000000001e+01 -9.210757609247294e-37 
8.920000000000000e+01 -8.424662374513609e-37 
8.930000000000001e+01 -7.705666388999815e-37 
8.940000000000001e+01 -7.048041371644169e-37 
8.950000000000000e+01 -6.446548140257299e-37 
8.960000000000001e+01 -5.896394844236145e-37 
8.970000000000000e+01 -5.393198764618359e-37 
8.980000000000001e+01 -4.932951376743512e-37 
8.990000000000001e+01 -4.511986396820329e-37 
9.000000000000000e+01 -4.126950557511315e-37 
9.010000000000001e+01 -3.774776879422089e-37 
9.020000000000000e+01 -3.452660225300118e-37 
9.030000000000001e+01 -3.158034941957825e-37 
9.040000000000001e+01 -2.888554411598209e-37 
9.050000000000000e+01 -2.642072349449031e-37 
9.060000000000001e+01 -2.416625698550246e-37 
9.070000000000000e+01 -2.210418985276798e-37 
9.080000000000001e+01 -2.021810010835275e-37 
9.090000000000001e+01 -1.849296764629452e-37 
9.100000000000000e+01 -1.691505455137249e-37 
9.110000000000001e+01 -1.547179562855912e-37 
9.120000000000000e+01 -1.415169828025487e-37 
9.130000000000001e+01 -1.294425093296099e-37 
9.140000000000001e+01 -1.183983928324671e-37 
9.150000000000000e+01 -1.082966969522861e-37 
9.160000000000001e+01 -9.905699138819646e-38 
9.170000000000000e+01 -9.060571110174865e-38 
9.180000000000001e+01 -8.287557023461181e-38 
9.190000000000001e+01 -7.580502606726633e-38 
9.200000000000000e+01 -6.933778874534456e-38 
9.210000000000001e+01 -6.342237286540355e-38 
9.220000000000000e+01 -5.801168734558749e-38 
9.230000000000001e+01 -5.306266031199855e-38 
9.240000000000001e+01 -4.853589601076725e-38 
9.250000000000000e+01 -4.439536101118005e-38 
9.260000000000001e+01 -4.060809719876145e-38 
9.270000000000000e+01 -3.714395927082216e-38 
9.280000000000001e+01 -3.397537464229778e-38 
9.290000000000001e+01 -3.107712384842867e-38 
9.300000000000000e+01 -2.842613969416965e-38 
9.310000000000001e+01 -2.600132354973203e-38 
9.320000000000000e+01 -2.378337732829515e-38 
9.330000000000001e+01 -2.175464980696707e-38 
9.340000000000001e+01 -1.989899606639479e-38 
9.350000000000000e+01 -1.820164892899749e-38 
9.360000000000001e+01 -1.664910137143294e-38 
9.370000000000000e+01 -1.522899897438549e-38 
9.380000000000001e+01 -1.393004155274867e-38 
9.390000000000001e+01 -1.274189318246844e-38 
9.400000000000000e+01 -1.165509990720533e-38 
9.410000000000001e+01 -1.066101446920537e-38 
9.420000000000000e+01 -9.751727464727508e-39 
9.430000000000001e+01 -8.920004375586109e-39 
9.440000000000001e+01 -8.159227975188100e-39 
9.450000000000000e+01 -7.463345650273030e-39 
9.460000000000001e+01 -6.826821218734101e-39 
9.470000000000000e+01 -6.244590859726748e-39 
9.480000000000001e+01 -5.712022805031317e-39 
9.490000000000001e+01 -5.224880470615036e-39 
9.500000000000000e+01 -4.779288734736763e-39 
9.510000000000001e+01 -4.371703094018145e-39 
9.520000000000000e+01 -3.998881451825149e-39 
9.530000000000001e+01 -3.657858314280267e-39 
9.540000000000001e+01 -3.345921188403973e-39 
9.550000000000000e+01 -3.060588994427514e-39 
9.560000000000001e+01 -2.799592320363868e-39 
9.570000000000000e+01 -2.560855361599824e-39 
9.580000000000001e+01 -2.342479401692829e-39 
9.590000000000001e+01 -2.142727702834198e-39 
9.600000000000000e+01 -1.960011685667552e-39 
9.610000000000001e+01 -1.792878288421338e-39 
9.620000000000000e+01 -1.639998404707198e-39 
9.630000000000001e+01 -1.500156307926772e-39 
9.640000000000001e+01 -1.372239978087860e-39 
9.650000000000000e+01 -1.255232254016214e-39 
9.660000000000001e+01 -1.148202740524624e-39 
9.670000000000000e+01 -1.050300406111106e-39 
9.680000000000001e+01 -9.607468122583326e-40 
9.690000000000001e+01 -8.788299204353306e-40 
9.700000000000000e+01 -8.038984275028949e-40 
9.710000000000001e+01 -7.353565844315483e-40 
9.720000000000000e+01 -6.726594570895840e-40 
9.730000000000001e+01 -6.153085913778940e-40 
9.740000000000001e+01 -5.628480482087832e-40 
9.750000000000000e+01 -5.148607767693666e-40 
9.760000000000001e+01 -4.709652972046000e-40 
9.770000000000000e+01 -4.308126663174817e-40 
9.780000000000001e+01 -3.940837021376782e-40 
9.790000000000001e+01 -3.604864452704157e-40 
9.800000000000000e+01 -3.297538368224856e-40 
9.810000000000001e+01 -3.016415944262401e-40 
9.820000000000000e+01 -2.759262694594965e-40 
9.830000000000001e+01 -2.524034700013141e-40 
9.840000000000001e+01 -2.308862353832774e-40 
9.850000000000000e+01 -2.112035494020626e-40 
9.860000000000001e+01 -1.931989803632033e-40 
9.870000000000000e+01 -1.767294371350685e-40 
9.880000000000001e+01 -1.616640313156313e-40 
9.890000000000001e+01 -1.478830364590229e-40 
9.900000000000000e+01 -1.352769360813598e-40 
9.910000000000001e+01 -1.237455528718472e-40 
9.920000000000000e+01 -1.131972521814593e-40 
9.930000000000001e+01 -1.035482134524726e-40 
9.940000000000001e+01 -9.472176379296548e-41 
9.950000000000000e+01 -8.664776839470481e-41 
9.960000000000001e+01 -7.926207294535862e-41 
9.970000000000000e+01 -7.250599359954039e-41 
9.980000000000001e+01 -6.632585045170829e-41 
9.990000000000001e+01 -6.067254080002751e-41 
1.000000000000000e+02 -5.550114880691320e-41 
